https://www.youtube.com/watch?v=is9OtayvXe8
125658867 0.576930223 1.025653707 0.500000000 0.500000000 0.000000000 0.000000000 0.999994814 -0.000004046 -0.003213225 -0.138105329 0.000030552 0.999965966 0.008249206 -0.005806284 0.003213082 -0.008249262 0.999960840 0.085156709
125959167 0.576930223 1.025653707 0.500000000 0.500000000 0.000000000 0.000000000 0.999994516 0.000615480 -0.003245053 -0.172624709 -0.000585766 0.999957979 0.009149658 -0.005312289 0.003250548 -0.009147707 0.999952853 0.108853968
126126000 0.576930223 1.025653707 0.500000000 0.500000000 0.000000000 0.000000000 0.999994636 0.001040615 -0.003101570 -0.193032442 -0.001010801 0.999953389 0.009598901 -0.005091122 0.003111415 -0.009595715 0.999949098 0.123452799
126192733 0.576930223 1.025653707 0.500000000 0.500000000 0.000000000 0.000000000 0.999994516 0.001225425 -0.003076436 -0.201178833 -0.001195203 0.999951184 0.009806405 -0.005093109 0.003088302 -0.009802674 0.999947190 0.129173086
126593133 0.576930223 1.025653707 0.500000000 0.500000000 0.000000000 0.000000000 0.999990642 0.002378473 -0.003605677 -0.246677630 -0.002340435 0.999941945 0.010517017 -0.005330186 0.003630483 -0.010508480 0.999938190 0.159899009
126726600 0.576930223 1.025653707 0.500000000 0.500000000 0.000000000 0.000000000 0.999988496 0.002859263 -0.003857152 -0.261284436 -0.002818131 0.999939561 0.010627471 -0.005517425 0.003887306 -0.010616479 0.999936104 0.169407063
127527400 0.576930223 1.025653707 0.500000000 0.500000000 0.000000000 0.000000000 0.999972105 0.005400961 -0.005153787 -0.344480073 -0.005347159 0.999931633 0.010396763 -0.006017239 0.005209588 -0.010368915 0.999932647 0.225318782
127727600 0.576930223 1.025653707 0.500000000 0.500000000 0.000000000 0.000000000 0.999966085 0.006134757 -0.005495706 -0.363441309 -0.006078645 0.999929786 0.010169306 -0.006223788 0.005557707 -0.010135555 0.999933183 0.237828190
127894433 0.576930223 1.025653707 0.500000000 0.500000000 0.000000000 0.000000000 0.999961197 0.006627675 -0.005804231 -0.378385839 -0.006569128 0.999927938 0.010048606 -0.006703435 0.005870412 -0.010010088 0.999932647 0.247735359
128094633 0.576930223 1.025653707 0.500000000 0.500000000 0.000000000 0.000000000 0.999953985 0.007177060 -0.006369277 -0.395251783 -0.007113522 0.999925256 0.009942993 -0.007135531 0.006440163 -0.009897227 0.999930263 0.258907912
