https://www.youtube.com/watch?v=5iH5BwWPmJ4
279946333 0.461554102 0.820540574 0.500000000 0.500000000 0.000000000 0.000000000 0.999959111 0.001769973 0.008869890 -0.077279511 -0.001733662 0.999990106 -0.004099779 0.007980780 -0.008877059 0.004084234 0.999952257 0.242388619
280546933 0.461554102 0.820540574 0.500000000 0.500000000 0.000000000 0.000000000 0.999820530 0.001712217 0.018866831 -0.124622973 -0.001585665 0.999976158 -0.006720519 0.017466349 -0.018877888 0.006689396 0.999799430 0.411726937
280680400 0.461554102 0.820540574 0.500000000 0.500000000 0.000000000 0.000000000 0.999772668 0.001741355 0.021250958 -0.133690935 -0.001583493 0.999971032 -0.007443015 0.018707156 -0.021263303 0.007407673 0.999746442 0.449582920
281347733 0.461554102 0.820540574 0.500000000 0.500000000 0.000000000 0.000000000 0.999468267 0.001251323 0.032582037 -0.180587715 -0.000908262 0.999944031 -0.010541838 0.021424888 -0.032593403 0.010506639 0.999413490 0.641273891
281881600 0.461554102 0.820540574 0.500000000 0.500000000 0.000000000 0.000000000 0.999192953 0.000836245 0.040158540 -0.210662778 -0.000271399 0.999900997 -0.014068801 0.030574083 -0.040166326 0.014046548 0.999094248 0.800577239
282782500 0.461554102 0.820540574 0.500000000 0.500000000 0.000000000 0.000000000 0.999029517 0.000539660 0.044042893 -0.273815426 0.000284452 0.999825060 -0.018703168 0.035790354 -0.044045281 0.018697545 0.998854578 1.071979917
283116167 0.461554102 0.820540574 0.500000000 0.500000000 0.000000000 0.000000000 0.998965383 -0.000128400 0.045476448 -0.292674044 0.001030462 0.999803185 -0.019812927 0.046739967 -0.045464952 0.019839289 0.998768926 1.169294401
284017067 0.461554102 0.820540574 0.500000000 0.500000000 0.000000000 0.000000000 0.998620629 0.000638239 0.052501325 -0.346171817 0.000595486 0.999724150 -0.023479925 0.052654053 -0.052501827 0.023478802 0.998344779 1.421258525
284117167 0.461554102 0.820540574 0.500000000 0.500000000 0.000000000 0.000000000 0.998471141 0.000932540 0.055267517 -0.347933814 0.000387262 0.999715149 -0.023864727 0.052767160 -0.055274028 0.023849646 0.998186350 1.448845944
284384100 0.461554102 0.820540574 0.500000000 0.500000000 0.000000000 0.000000000 0.998112977 0.001133201 0.061394282 -0.349569986 0.000397719 0.999689400 -0.024917923 0.059801120 -0.061403450 0.024895318 0.997802496 1.519131946
