https://www.youtube.com/watch?v=rfZc1OSQkIo
56956900 0.489207217 0.869701651 0.500000000 0.500000000 0.000000000 0.000000000 0.993251979 -0.000529038 -0.115975343 0.143159230 0.002957206 0.999779999 0.020765875 0.003516209 0.115938842 -0.020968709 0.993035018 -0.733389514
57223833 0.489207217 0.869701651 0.500000000 0.500000000 0.000000000 0.000000000 0.989969850 -0.000344074 -0.141278192 0.171049876 0.003831642 0.999694586 0.024414539 0.001346362 0.141226649 -0.024710985 0.989668846 -0.859993757
58691967 0.489207217 0.869701651 0.500000000 0.500000000 0.000000000 0.000000000 0.961147308 0.007083057 -0.275944978 0.377878913 -0.000124315 0.999681711 0.025227197 0.035459983 0.276035845 -0.024212748 0.960842311 -1.531387680
59626233 0.489207217 0.869701651 0.500000000 0.500000000 0.000000000 0.000000000 0.937311351 0.012645699 -0.348263532 0.565473465 -0.006416549 0.999798238 0.019033985 0.068601552 0.348433971 -0.015606121 0.937203407 -1.982061600
60260200 0.489207217 0.869701651 0.500000000 0.500000000 0.000000000 0.000000000 0.917112648 0.021365296 -0.398055136 0.705505714 -0.015499364 0.999718785 0.017948834 0.089099986 0.398326665 -0.010291501 0.917185903 -2.256720581
60527133 0.489207217 0.869701651 0.500000000 0.500000000 0.000000000 0.000000000 0.908190787 0.027278453 -0.417666584 0.754863127 -0.021196328 0.999591053 0.019194707 0.098453115 0.418019384 -0.008579459 0.908397615 -2.367741003
60760700 0.489207217 0.869701651 0.500000000 0.500000000 0.000000000 0.000000000 0.899719238 0.030015498 -0.435435772 0.803833536 -0.023882797 0.999523580 0.019551413 0.102639632 0.435815185 -0.007191359 0.900007427 -2.466936125
61194467 0.489207217 0.869701651 0.500000000 0.500000000 0.000000000 0.000000000 0.884113848 0.036242224 -0.465863883 0.902357237 -0.029357940 0.999326229 0.022027988 0.117956095 0.466348320 -0.005798446 0.884582162 -2.652809176
61761700 0.489207217 0.869701651 0.500000000 0.500000000 0.000000000 0.000000000 0.868506789 0.046115849 -0.493527353 0.994634585 -0.034228612 0.998865724 0.033100005 0.099222856 0.494494021 -0.011854824 0.869100213 -2.918135571
62829433 0.489207217 0.869701651 0.500000000 0.500000000 0.000000000 0.000000000 0.853254557 0.045792408 -0.519480228 1.089618350 -0.034571622 0.998912871 0.031270169 0.117996955 0.520347476 -0.008722139 0.853910089 -3.432289068
