https://www.youtube.com/watch?v=NGB8T36gbfI
255922333 0.490573216 0.872130201 0.500000000 0.500000000 0.000000000 0.000000000 0.999874592 0.003168539 0.015515608 -0.239648477 -0.003244548 0.999982834 0.004876158 -0.037855446 -0.015499892 -0.004925887 0.999867737 0.853698246
255955700 0.490573216 0.872130201 0.500000000 0.500000000 0.000000000 0.000000000 0.999874175 0.003345780 0.015505527 -0.240420420 -0.003413527 0.999984741 0.004344848 -0.034661598 -0.015490754 -0.004397229 0.999870360 0.870519006
256122533 0.490573216 0.872130201 0.500000000 0.500000000 0.000000000 0.000000000 0.999875426 0.003592038 0.015369328 -0.246320573 -0.003663285 0.999982655 0.004610084 -0.034552777 -0.015352502 -0.004665812 0.999871254 0.940397948
256956700 0.490573216 0.872130201 0.500000000 0.500000000 0.000000000 0.000000000 0.999899745 0.002551676 0.013927674 -0.260717336 -0.002602481 0.999990046 0.003630837 -0.044983027 -0.013918270 -0.003666719 0.999896407 1.314011028
257023433 0.490573216 0.872130201 0.500000000 0.500000000 0.000000000 0.000000000 0.999904573 0.002544774 0.013579445 -0.265227685 -0.002594977 0.999989867 0.003680579 -0.046683511 -0.013569941 -0.003715466 0.999900997 1.344139086
257290367 0.490573216 0.872130201 0.500000000 0.500000000 0.000000000 0.000000000 0.999891102 0.003315368 0.014380412 -0.277658171 -0.003384671 0.999982774 0.004797616 -0.036487238 -0.014364258 -0.004845766 0.999885082 1.471767721
257590667 0.490573216 0.872130201 0.500000000 0.500000000 0.000000000 0.000000000 0.999887764 0.004165645 0.014389594 -0.285678175 -0.004219292 0.999984264 0.003699801 -0.037353650 -0.014373955 -0.003760100 0.999889612 1.607623769
257991067 0.490573216 0.872130201 0.500000000 0.500000000 0.000000000 0.000000000 0.999898672 0.003703164 0.013744621 -0.291675538 -0.003754923 0.999985933 0.003741836 -0.034582559 -0.013730571 -0.003793067 0.999898553 1.798328762
258424833 0.490573216 0.872130201 0.500000000 0.500000000 0.000000000 0.000000000 0.999879599 0.003314081 0.015157440 -0.300966403 -0.003361831 0.999989450 0.003125864 -0.043421102 -0.015146920 -0.003176445 0.999880254 2.006026763
259259000 0.490573216 0.872130201 0.500000000 0.500000000 0.000000000 0.000000000 0.999830902 0.001797935 0.018300178 -0.320082941 -0.001874014 0.999989688 0.004141014 -0.026838105 -0.018292544 -0.004174609 0.999823987 2.422292319
