https://www.youtube.com/watch?v=AWQH_8gGYiU
68134733 0.490749914 0.872444308 0.500000000 0.500000000 0.000000000 0.000000000 0.984194934 -0.012596209 0.176639944 0.175764217 0.017332679 0.999529719 -0.025296941 0.035168446 -0.176238224 0.027958766 0.983950377 -0.318762497
68234833 0.490749914 0.872444308 0.500000000 0.500000000 0.000000000 0.000000000 0.980805159 -0.013998676 0.194487140 0.184431362 0.019336371 0.999485910 -0.025573587 0.040662116 -0.194029152 0.028843381 0.980571628 -0.364293962
69469400 0.490749914 0.872444308 0.500000000 0.500000000 0.000000000 0.000000000 0.942152202 -0.030060008 0.333834767 0.279159795 0.039635234 0.998974025 -0.021906812 0.133744770 -0.332833737 0.033871170 0.942377031 -0.918756936
69569500 0.490749914 0.872444308 0.500000000 0.500000000 0.000000000 0.000000000 0.941459715 -0.028141199 0.335948855 0.293879736 0.037827287 0.999034941 -0.022321330 0.138927276 -0.334996521 0.033722669 0.941615701 -0.954092709
69936533 0.490749914 0.872444308 0.500000000 0.500000000 0.000000000 0.000000000 0.937640488 -0.026378518 0.346604258 0.321432886 0.037783053 0.998942792 -0.026186313 0.165804940 -0.345547080 0.037649114 0.937645853 -1.155597942
69969900 0.490749914 0.872444308 0.500000000 0.500000000 0.000000000 0.000000000 0.937381029 -0.027009757 0.347256869 0.322626589 0.038529426 0.998911023 -0.026310224 0.167891803 -0.346168071 0.038042311 0.937400877 -1.176442059
70837433 0.490749914 0.872444308 0.500000000 0.500000000 0.000000000 0.000000000 0.951859713 -0.016909681 0.306067318 0.485350084 0.030264340 0.998783112 -0.038940128 0.241442375 -0.305036396 0.046328463 0.951213181 -1.618671229
71271200 0.490749914 0.872444308 0.500000000 0.500000000 0.000000000 0.000000000 0.966447771 -0.010314388 0.256655991 0.648326253 0.021228474 0.998982549 -0.039789900 0.267692169 -0.255984455 0.043903276 0.965683401 -1.790138107
71738333 0.490749914 0.872444308 0.500000000 0.500000000 0.000000000 0.000000000 0.977658033 -0.002197298 0.210190281 0.768954254 0.010203879 0.999262631 -0.037015159 0.290306272 -0.209953949 0.038332921 0.976959527 -1.979133874
71871800 0.490749914 0.872444308 0.500000000 0.500000000 0.000000000 0.000000000 0.980795681 -0.000766653 0.195036381 0.810915220 0.007753549 0.999355018 -0.035062630 0.293277512 -0.194883704 0.035901502 0.980169058 -2.015824958
