https://www.youtube.com/watch?v=wNQK6_RLH0w
55021000 0.495158849 0.880282382 0.500000000 0.500000000 0.000000000 0.000000000 0.999980330 0.006261946 -0.000317298 0.245838471 -0.006261547 0.999979615 0.001245428 -0.046576273 0.000325090 -0.001243417 0.999999166 -0.541841718
55388000 0.495158849 0.880282382 0.500000000 0.500000000 0.000000000 0.000000000 0.999972582 0.007385584 -0.000579010 0.292284226 -0.007384664 0.999971509 0.001574034 -0.060851436 0.000590618 -0.001569715 0.999998569 -0.627318102
55555000 0.495158849 0.880282382 0.500000000 0.500000000 0.000000000 0.000000000 0.999968112 0.007946022 -0.000823818 0.320737335 -0.007944528 0.999966800 0.001801312 -0.068814852 0.000838104 -0.001794710 0.999998033 -0.667116774
55588000 0.495158849 0.880282382 0.500000000 0.500000000 0.000000000 0.000000000 0.999966860 0.008099641 -0.000821045 0.326434065 -0.008098075 0.999965429 0.001892371 -0.070271020 0.000836344 -0.001885659 0.999997854 -0.674877244
55955000 0.495158849 0.880282382 0.500000000 0.500000000 0.000000000 0.000000000 0.999947131 0.010232769 -0.001016052 0.382906956 -0.010229557 0.999942839 0.003117931 -0.084146705 0.001047899 -0.003107372 0.999994636 -0.756510999
56189000 0.495158849 0.880282382 0.500000000 0.500000000 0.000000000 0.000000000 0.999937356 0.011114125 -0.001327509 0.410978924 -0.011109013 0.999931097 0.003798260 -0.095908857 0.001369632 -0.003783274 0.999991894 -0.809842934
56723000 0.495158849 0.880282382 0.500000000 0.500000000 0.000000000 0.000000000 0.999915481 0.012906996 -0.001571408 0.461799519 -0.012898563 0.999902964 0.005262875 -0.118837256 0.001639184 -0.005242161 0.999984920 -0.937126130
57156000 0.495158849 0.880282382 0.500000000 0.500000000 0.000000000 0.000000000 0.999896109 0.014082242 -0.003073271 0.505464412 -0.014062322 0.999880552 0.006409734 -0.131570625 0.003163168 -0.006365851 0.999974728 -1.020512787
58424000 0.495158849 0.880282382 0.500000000 0.500000000 0.000000000 0.000000000 0.986630797 0.021169327 -0.161590770 0.727116471 -0.020074444 0.999763131 0.008405491 -0.175888827 0.161730438 -0.005049271 0.986822069 -1.109648429
59859000 0.495158849 0.880282382 0.500000000 0.500000000 0.000000000 0.000000000 0.893490732 0.034772269 -0.447733343 1.045876059 -0.031976037 0.999393284 0.013804820 -0.192761557 0.447941720 0.001982258 0.894060552 -0.871571280
