https://www.youtube.com/watch?v=BvsPEiCRqMk
193426567 0.493020131 0.876480269 0.500000000 0.500000000 0.000000000 0.000000000 0.924581885 0.033196166 -0.379534423 -0.253935081 -0.026390981 0.999384284 0.023120709 0.010637989 0.380068243 -0.011360702 0.924888670 0.062794516
193993800 0.493020131 0.876480269 0.500000000 0.500000000 0.000000000 0.000000000 0.894332647 0.031512257 -0.446291447 -0.309649325 -0.026125243 0.999492645 0.018220399 -0.000014941 0.446639150 -0.004635626 0.894702196 0.044756918
194027167 0.493020131 0.876480269 0.500000000 0.500000000 0.000000000 0.000000000 0.892553806 0.031261425 -0.449855953 -0.312855689 -0.025941895 0.999501646 0.017986443 -0.000946529 0.450194061 -0.004383752 0.892919958 0.044579884
194327467 0.493020131 0.876480269 0.500000000 0.500000000 0.000000000 0.000000000 0.876641870 0.028804703 -0.480280459 -0.342857370 -0.024836063 0.999584675 0.014617305 -0.006839736 0.480502039 -0.000885866 0.876993179 0.044350321
194561033 0.493020131 0.876480269 0.500000000 0.500000000 0.000000000 0.000000000 0.863869071 0.027651927 -0.502956808 -0.365739811 -0.024538089 0.999616802 0.012811505 -0.010264935 0.503118336 0.001274135 0.864216566 0.044591175
195161633 0.493020131 0.876480269 0.500000000 0.500000000 0.000000000 0.000000000 0.827198625 0.027884686 -0.561217368 -0.418363233 -0.025845373 0.999598980 0.011571715 -0.014255442 0.561314940 0.004932766 0.827587545 0.036494152
195528667 0.493020131 0.876480269 0.500000000 0.500000000 0.000000000 0.000000000 0.806383491 0.030338205 -0.590614319 -0.458183449 -0.027962478 0.999522269 0.013164653 -0.013548896 0.590731561 0.005899281 0.806846559 0.027647773
195828967 0.493020131 0.876480269 0.500000000 0.500000000 0.000000000 0.000000000 0.788927972 0.032911170 -0.613603711 -0.487386236 -0.030079965 0.999435961 0.014930947 -0.011109440 0.613749027 0.006677736 0.789472997 0.020228766
196095900 0.493020131 0.876480269 0.500000000 0.500000000 0.000000000 0.000000000 0.773796022 0.033555530 -0.632545471 -0.513070130 -0.030313378 0.999413431 0.015934784 -0.011350140 0.632709146 0.006844318 0.774359286 0.011490010
196196000 0.493020131 0.876480269 0.500000000 0.500000000 0.000000000 0.000000000 0.767971992 0.034266181 -0.639566183 -0.521629003 -0.030874265 0.999387562 0.016471516 -0.010588845 0.639738858 0.007096473 0.768559575 0.007730972
