https://www.youtube.com/watch?v=uhezIK0eT4A
188321467 0.478499289 0.850665390 0.500000000 0.500000000 0.000000000 0.000000000 0.995336294 0.011697858 -0.095754221 0.287408572 -0.012234376 0.999912560 -0.005017884 0.058794569 0.095687144 0.006165975 0.995392382 -2.151583015
188421567 0.478499289 0.850665390 0.500000000 0.500000000 0.000000000 0.000000000 0.993765414 0.013116001 -0.110716857 0.332762291 -0.013737188 0.999893904 -0.004849604 0.053864344 0.110641502 0.006340308 0.993840158 -2.255782154
190557033 0.478499289 0.850665390 0.500000000 0.500000000 0.000000000 0.000000000 0.955033600 0.027984703 -0.295174032 1.195236147 -0.031056169 0.999501288 -0.005721840 0.003586949 0.294866711 0.014631525 0.955426395 -4.405431179
190657133 0.478499289 0.850665390 0.500000000 0.500000000 0.000000000 0.000000000 0.955030739 0.027956920 -0.295185894 1.212560095 -0.031018086 0.999502599 -0.005692039 0.010419730 0.294879943 0.014592174 0.955422878 -4.498750315
191124267 0.478499289 0.850665390 0.500000000 0.500000000 0.000000000 0.000000000 0.954715490 0.027572237 -0.296239942 1.318246270 -0.030698488 0.999511242 -0.005905889 0.023470781 0.295932323 0.014732562 0.955095291 -4.952545387
191324467 0.478499289 0.850665390 0.500000000 0.500000000 0.000000000 0.000000000 0.954465091 0.027416479 -0.297060192 1.376846734 -0.030483380 0.999519050 -0.005695910 0.041031856 0.296761155 0.014491946 0.954841793 -5.119750428
191524667 0.478499289 0.850665390 0.500000000 0.500000000 0.000000000 0.000000000 0.954202652 0.027567398 -0.297888130 1.428565164 -0.030745095 0.999509335 -0.005986073 0.053770103 0.297576964 0.014870525 0.954582036 -5.279672684
192225367 0.478499289 0.850665390 0.500000000 0.500000000 0.000000000 0.000000000 0.954085648 0.025843393 -0.298416942 1.582121616 -0.029322125 0.999544203 -0.007185263 0.108104081 0.298095226 0.015605575 0.954408586 -5.960211164
192258733 0.478499289 0.850665390 0.500000000 0.500000000 0.000000000 0.000000000 0.954083085 0.025952810 -0.298415720 1.589495999 -0.029366829 0.999544442 -0.006961445 0.110580413 0.298099130 0.015405321 0.954410613 -5.991488470
192926067 0.478499289 0.850665390 0.500000000 0.500000000 0.000000000 0.000000000 0.953676701 0.025052149 -0.299788415 1.778170894 -0.028043507 0.999590576 -0.005679166 0.112992518 0.299523413 0.013823207 0.953988791 -6.574428235
