https://www.youtube.com/watch?v=Cl4aoBVsM_o
80455378 0.499674535 0.888310303 0.500000000 0.500000000 0.000000000 0.000000000 0.999987900 0.004688276 0.001481211 -0.063576339 -0.004687744 0.999988973 -0.000362275 0.001234905 -0.001482893 0.000355327 0.999998808 -0.004304688
80538789 0.499674535 0.888310303 0.500000000 0.500000000 0.000000000 0.000000000 0.999986351 0.005015088 0.001482146 -0.065853986 -0.005014485 0.999987364 -0.000410741 0.001402503 -0.001484187 0.000403304 0.999998808 -0.004197577
80914167 0.499674535 0.888310303 0.500000000 0.500000000 0.000000000 0.000000000 0.999976516 0.006637840 0.001714043 -0.075035170 -0.006637253 0.999977887 -0.000347698 0.001359630 -0.001716313 0.000336313 0.999998450 -0.004221060
80955878 0.499674535 0.888310303 0.500000000 0.500000000 0.000000000 0.000000000 0.999975860 0.006725229 0.001731868 -0.075900330 -0.006724634 0.999977350 -0.000349076 0.001336274 -0.001734177 0.000337421 0.999998450 -0.004349945
81081000 0.499674535 0.888310303 0.500000000 0.500000000 0.000000000 0.000000000 0.999972761 0.007172600 0.001754034 -0.078376491 -0.007171941 0.999974191 -0.000381983 0.001473128 -0.001756729 0.000369392 0.999998391 -0.004417737
81122711 0.499674535 0.888310303 0.500000000 0.500000000 0.000000000 0.000000000 0.999971151 0.007394194 0.001755262 -0.079049576 -0.007393481 0.999972582 -0.000412003 0.001549946 -0.001758261 0.000399013 0.999998391 -0.004389300
81206122 0.499674535 0.888310303 0.500000000 0.500000000 0.000000000 0.000000000 0.999970257 0.007504625 0.001794496 -0.080610014 -0.007503985 0.999971807 -0.000363238 0.001485266 -0.001797172 0.000349762 0.999998331 -0.004499793
81289544 0.499674535 0.888310303 0.500000000 0.500000000 0.000000000 0.000000000 0.999968290 0.007748195 0.001845116 -0.082327084 -0.007747444 0.999969900 -0.000413905 0.001396120 -0.001848268 0.000399597 0.999998212 -0.004516332
81539789 0.499674535 0.888310303 0.500000000 0.500000000 0.000000000 0.000000000 0.999961078 0.008642230 0.001780422 -0.087857741 -0.008641202 0.999962509 -0.000584264 0.001534180 -0.001785405 0.000568857 0.999998271 -0.004597044
81664922 0.499674535 0.888310303 0.500000000 0.500000000 0.000000000 0.000000000 0.999955416 0.009269468 0.001804172 -0.090953716 -0.009268237 0.999956787 -0.000689591 0.001546387 -0.001810486 0.000672839 0.999998152 -0.004590191
