https://www.youtube.com/watch?v=9sKy9Ae0q4A
156790000 0.480843303 0.854832584 0.500000000 0.500000000 0.000000000 0.000000000 0.898524821 0.001128994 -0.438921243 0.198338458 -0.014745454 0.999509871 -0.027614783 0.079915355 0.438674957 0.031284660 0.898101091 -0.708727399
156856000 0.480843303 0.854832584 0.500000000 0.500000000 0.000000000 0.000000000 0.891561329 0.001397661 -0.452897787 0.211527163 -0.017496871 0.999355018 -0.031359777 0.082289668 0.452561826 0.035883460 0.891010761 -0.727445621
157490000 0.480843303 0.854832584 0.500000000 0.500000000 0.000000000 0.000000000 0.808725715 0.006819084 -0.588146448 0.379595727 -0.059379987 0.995770752 -0.070104778 0.137986256 0.585180998 0.091619663 0.805710256 -0.916515429
157524000 0.480843303 0.854832584 0.500000000 0.500000000 0.000000000 0.000000000 0.803513825 0.007199653 -0.595242560 0.388931381 -0.062608451 0.995403230 -0.072474994 0.141362626 0.591984570 0.095501870 0.800271034 -0.925604775
158091000 0.480843303 0.854832584 0.500000000 0.500000000 0.000000000 0.000000000 0.717139304 0.008955457 -0.696872294 0.544928507 -0.121991336 0.986092865 -0.112866983 0.230037322 0.686170042 0.165953726 0.708258450 -1.070851964
158525000 0.480843303 0.854832584 0.500000000 0.500000000 0.000000000 0.000000000 0.654313385 0.010759488 -0.756146967 0.667280457 -0.170550272 0.976237416 -0.133690298 0.304444835 0.736740530 0.216436416 0.640600264 -1.156270517
158758000 0.480843303 0.854832584 0.500000000 0.500000000 0.000000000 0.000000000 0.619590819 0.012284814 -0.784828842 0.745912601 -0.198824123 0.969724715 -0.141784698 0.343672408 0.759326100 0.243891388 0.603275061 -1.201353063
159092000 0.480843303 0.854832584 0.500000000 0.500000000 0.000000000 0.000000000 0.566526711 0.014950302 -0.823907733 0.855751472 -0.241224602 0.959045649 -0.148465857 0.398799721 0.787945509 0.282856673 0.546931386 -1.243565999
159292000 0.480843303 0.854832584 0.500000000 0.500000000 0.000000000 0.000000000 0.534494400 0.016477836 -0.845011353 0.915880047 -0.268752575 0.951228976 -0.151444778 0.428344090 0.801303804 0.308045357 0.512855053 -1.264484673
160527000 0.480843303 0.854832584 0.500000000 0.500000000 0.000000000 0.000000000 0.310503423 0.025832413 -0.950221181 1.386686621 -0.410723954 0.905147791 -0.109605052 0.567884559 0.857259274 0.424311370 0.291661471 -1.304750441
