https://www.youtube.com/watch?v=LAUs32rjR5E
154354200 0.450317348 0.800564181 0.500000000 0.500000000 0.000000000 0.000000000 0.999984086 -0.001495463 -0.005439001 -0.018766188 0.001533111 0.999974847 0.006924283 0.070589734 0.005428509 -0.006932511 0.999961257 -0.478123694
154921433 0.450317348 0.800564181 0.500000000 0.500000000 0.000000000 0.000000000 0.999980688 -0.002731941 -0.005581324 -0.005122563 0.002803459 0.999913573 0.012846409 0.114187490 0.005545745 -0.012861809 0.999901891 -0.705386454
154954800 0.450317348 0.800564181 0.500000000 0.500000000 0.000000000 0.000000000 0.999982417 -0.002922910 -0.005164213 -0.004656777 0.002991237 0.999907434 0.013273041 0.116803207 0.005124940 -0.013288254 0.999898553 -0.719749526
155155000 0.450317348 0.800564181 0.500000000 0.500000000 0.000000000 0.000000000 0.999993324 -0.003634774 -0.000302569 -0.010411879 0.003639395 0.999848723 0.017010095 0.127424929 0.000240696 -0.017011082 0.999855280 -0.804242882
155188367 0.450317348 0.800564181 0.500000000 0.500000000 0.000000000 0.000000000 0.999991357 -0.004105315 0.000634624 -0.012059285 0.004093423 0.999834538 0.017722664 0.128747439 -0.000707276 -0.017719913 0.999842763 -0.818084819
155255100 0.450317348 0.800564181 0.500000000 0.500000000 0.000000000 0.000000000 0.999986589 -0.004218506 0.003001209 -0.016314252 0.004160144 0.999807119 0.019193670 0.131366541 -0.003081598 -0.019180927 0.999811292 -0.844492478
155655500 0.450317348 0.800564181 0.500000000 0.500000000 0.000000000 0.000000000 0.999989092 -0.004060206 -0.002296895 0.010043747 0.004107754 0.999769151 0.021089312 0.161455808 0.002210738 -0.021098517 0.999774933 -1.018084925
155722233 0.450317348 0.800564181 0.500000000 0.500000000 0.000000000 0.000000000 0.999980390 -0.003830255 -0.004951867 0.018931655 0.003931961 0.999778092 0.020694938 0.168168707 0.004871501 -0.020714002 0.999773562 -1.048471014
156189367 0.450317348 0.800564181 0.500000000 0.500000000 0.000000000 0.000000000 0.999657810 -0.002028808 -0.026080627 0.087411916 0.002554137 0.999794185 0.020124977 0.209039587 0.026034432 -0.020184703 0.999457240 -1.255070138
156322833 0.450317348 0.800564181 0.500000000 0.500000000 0.000000000 0.000000000 0.999617100 -0.001273172 -0.027641963 0.092260964 0.001754959 0.999846876 0.017412299 0.227487691 0.027615562 -0.017454142 0.999466240 -1.310165208
