https://www.youtube.com/watch?v=dpKnfSEH9XA
61294567 0.530007447 0.942235468 0.500000000 0.500000000 0.000000000 0.000000000 0.154655159 0.147506326 -0.976894915 -0.018464803 -0.145505622 0.981409669 0.125152603 -0.035685098 0.977194905 0.122788206 0.173243076 -0.269295998
61327933 0.530007447 0.942235468 0.500000000 0.500000000 0.000000000 0.000000000 0.160620883 0.146780476 -0.976041198 -0.016308040 -0.146392196 0.981486082 0.123508468 -0.034901779 0.976099491 0.123046778 0.179134682 -0.271796072
61394667 0.530007447 0.942235468 0.500000000 0.500000000 0.000000000 0.000000000 0.173396751 0.145140767 -0.974098444 -0.012411207 -0.147746354 0.981721282 0.119976625 -0.034246318 0.973706603 0.123115927 0.191671297 -0.276697677
61461400 0.530007447 0.942235468 0.500000000 0.500000000 0.000000000 0.000000000 0.186501011 0.143285543 -0.971949935 -0.007401482 -0.148887292 0.982003272 0.116198622 -0.033737768 0.971107602 0.123039827 0.204477996 -0.282356560
61494767 0.530007447 0.942235468 0.500000000 0.500000000 0.000000000 0.000000000 0.193147376 0.142284244 -0.970798254 -0.004575407 -0.149397492 0.982157290 0.114225350 -0.033560794 0.969729066 0.122972511 0.210958019 -0.285446748
61528133 0.530007447 0.942235468 0.500000000 0.500000000 0.000000000 0.000000000 0.199980885 0.141243637 -0.969565809 -0.001514298 -0.150235310 0.982273519 0.112107597 -0.032614901 0.968213320 0.123243652 0.217655703 -0.288353779
61961900 0.530007447 0.942235468 0.500000000 0.500000000 0.000000000 0.000000000 0.299704224 0.125958920 -0.945680559 0.045667001 -0.148423135 0.985332727 0.084202230 -0.026176644 0.942416012 0.115125112 0.314003587 -0.333540035
62095367 0.530007447 0.942235468 0.500000000 0.500000000 0.000000000 0.000000000 0.336661100 0.120400906 -0.933896601 0.058521108 -0.144661516 0.986630857 0.075050429 -0.023368775 0.930447400 0.109832339 0.349577636 -0.345459617
62128733 0.530007447 0.942235468 0.500000000 0.500000000 0.000000000 0.000000000 0.345352530 0.118651234 -0.930942297 0.064025002 -0.143086135 0.987035036 0.072719619 -0.023246373 0.927500904 0.108091027 0.357852399 -0.348857059
62162100 0.530007447 0.942235468 0.500000000 0.500000000 0.000000000 0.000000000 0.354025424 0.117151707 -0.927869320 0.069477213 -0.141690329 0.987389863 0.070605233 -0.022450776 0.924440265 0.106474057 0.366160393 -0.352411440
