https://www.youtube.com/watch?v=P_42xp3iw5Q
87487400 0.475642060 0.845585833 0.500000000 0.500000000 0.000000000 0.000000000 0.999869227 -0.007568681 -0.014291388 0.058157968 0.003687808 0.967147648 -0.254188538 -0.229054328 0.015745755 0.254102588 0.967049062 0.060168082
87554133 0.475642060 0.845585833 0.500000000 0.500000000 0.000000000 0.000000000 0.999829113 -0.008426514 -0.016452393 0.059766841 0.003776137 0.964390039 -0.264457256 -0.240924637 0.018094976 0.264349937 0.964257061 0.060973895
87754333 0.475642060 0.845585833 0.500000000 0.500000000 0.000000000 0.000000000 0.999628067 -0.012160538 -0.024409441 0.061439278 0.004418430 0.955468774 -0.295059115 -0.274341973 0.026910538 0.294841498 0.955167174 0.060397935
88221467 0.475642060 0.845585833 0.500000000 0.500000000 0.000000000 0.000000000 0.998798311 -0.021172190 -0.044200327 0.046849737 0.004742038 0.939390361 -0.342816710 -0.353087504 0.048779540 0.342195153 0.938361883 0.069688642
88254833 0.475642060 0.845585833 0.500000000 0.500000000 0.000000000 0.000000000 0.998734891 -0.021623928 -0.045398187 0.044361774 0.004614723 0.938420534 -0.345464289 -0.359117512 0.050072886 0.344817758 0.937333167 0.070807803
89155733 0.475642060 0.845585833 0.500000000 0.500000000 0.000000000 0.000000000 0.995554507 -0.039043833 -0.085713729 -0.102954771 0.000785120 0.913442492 -0.406967103 -0.468405084 0.094184116 0.405090630 0.909412444 0.098509935
89689600 0.475642060 0.845585833 0.500000000 0.500000000 0.000000000 0.000000000 0.984601259 -0.074070938 -0.158347428 -0.249252650 0.000195153 0.906263292 -0.422713667 -0.482397422 0.174815252 0.416173488 0.892322421 0.112575571
89823067 0.475642060 0.845585833 0.500000000 0.500000000 0.000000000 0.000000000 0.977378309 -0.089871243 -0.191454396 -0.297760022 -0.000372894 0.904494405 -0.426485360 -0.483641258 0.211498186 0.416908920 0.883999705 0.104183047
91257833 0.475642060 0.845585833 0.500000000 0.500000000 0.000000000 0.000000000 0.640881956 -0.335053980 -0.690658450 -0.694394625 -0.017712252 0.893023431 -0.449661493 -0.402802447 0.767435074 0.300413072 0.566388011 -0.580570817
91558133 0.475642060 0.845585833 0.500000000 0.500000000 0.000000000 0.000000000 0.522400141 -0.371854484 -0.767347634 -0.735767509 -0.023515794 0.893277943 -0.448889196 -0.379395276 0.852376163 0.252544582 0.457904071 -0.788094995
