https://www.youtube.com/watch?v=GRRB_hmFmQc
270203267 0.492635731 0.875796854 0.500000000 0.500000000 0.000000000 0.000000000 0.921132565 0.147863060 -0.360071301 0.137215822 -0.062770568 0.969360292 0.237487897 -0.693533524 0.384154499 -0.196155950 0.902190745 -1.387865415
270670400 0.492635731 0.875796854 0.500000000 0.500000000 0.000000000 0.000000000 0.920798302 0.148134321 -0.360813975 0.039647373 -0.062242143 0.969023585 0.238996267 -0.692637411 0.385040820 -0.197609514 0.901495457 -1.501899153
273606667 0.492635731 0.875796854 0.500000000 0.500000000 0.000000000 0.000000000 0.995834351 -0.025538977 0.087531045 -1.478526534 0.004987204 0.973792195 0.227384776 -0.670329230 -0.091044225 -0.226001039 0.969863117 -1.053271840
274374100 0.492635731 0.875796854 0.500000000 0.500000000 0.000000000 0.000000000 0.973314404 -0.075516351 0.216694072 -1.723109202 0.024218241 0.972831309 0.230244920 -0.623223693 -0.228194043 -0.218852744 0.948699594 -0.599320172
274607667 0.492635731 0.875796854 0.500000000 0.500000000 0.000000000 0.000000000 0.965052187 -0.087499857 0.247018397 -1.770210846 0.029038444 0.972510993 0.231039301 -0.607770146 -0.260444015 -0.215791941 0.941064715 -0.460356711
274907967 0.492635731 0.875796854 0.500000000 0.500000000 0.000000000 0.000000000 0.953566313 -0.102522559 0.283196807 -1.806991850 0.034430631 0.971223533 0.235668018 -0.589957284 -0.299208671 -0.214974433 0.929655910 -0.261134410
275275000 0.492635731 0.875796854 0.500000000 0.500000000 0.000000000 0.000000000 0.940728188 -0.116208769 0.318631381 -1.811684558 0.038028602 0.969685197 0.241380304 -0.576930627 -0.337022632 -0.214956164 0.916629493 -0.053793448
275308367 0.492635731 0.875796854 0.500000000 0.500000000 0.000000000 0.000000000 0.939828515 -0.117205054 0.320913315 -1.810435236 0.038593397 0.969722509 0.241140530 -0.574402238 -0.339459747 -0.214245617 0.915896237 -0.038530718
275475200 0.492635731 0.875796854 0.500000000 0.500000000 0.000000000 0.000000000 0.935730755 -0.121284679 0.331206888 -1.801799570 0.039857361 0.969365716 0.242366478 -0.563316108 -0.350455940 -0.213588730 0.911899388 0.036004995
275541933 0.492635731 0.875796854 0.500000000 0.500000000 0.000000000 0.000000000 0.934431195 -0.122423537 0.334441066 -1.796594768 0.040162101 0.969294488 0.242601007 -0.558375838 -0.353871942 -0.213262096 0.910655797 0.064415680
