https://www.youtube.com/watch?v=xhzSkjKjmDQ
63563500 0.652073351 1.159241560 0.500000000 0.500000000 0.000000000 0.000000000 0.997749090 -0.017330315 0.064779915 -0.162403748 0.017204069 0.999848843 0.002506210 -0.061133429 -0.064813562 -0.001386090 0.997896433 0.298331259
63772044 0.652073351 1.159241560 0.500000000 0.500000000 0.000000000 0.000000000 0.998495042 -0.015009703 0.052748285 -0.148250272 0.014899737 0.999885917 0.002477370 -0.055384912 -0.052779451 -0.001687706 0.998604774 0.267990477
63938878 0.652073351 1.159241560 0.500000000 0.500000000 0.000000000 0.000000000 0.998981059 -0.012938851 0.043237112 -0.136800336 0.012854978 0.999914885 0.002217286 -0.049672367 -0.043262124 -0.001659215 0.999062359 0.243708442
64522789 0.652073351 1.159241560 0.500000000 0.500000000 0.000000000 0.000000000 0.999930203 -0.005692383 0.010355016 -0.088203271 0.005685567 0.999983609 0.000687558 -0.021330787 -0.010358760 -0.000628635 0.999946177 0.165130316
64898167 0.652073351 1.159241560 0.500000000 0.500000000 0.000000000 0.000000000 0.999958515 -0.002244644 -0.008830233 -0.053832831 0.002255657 0.999996662 0.001237369 -0.001774865 0.008827426 -0.001257236 0.999960244 0.120472627
65190122 0.652073351 1.159241560 0.500000000 0.500000000 0.000000000 0.000000000 0.999704897 0.000725046 -0.024281994 -0.025918510 -0.000681625 0.999998152 0.001796437 0.016594693 0.024283251 -0.001779355 0.999703526 0.087106738
65315256 0.652073351 1.159241560 0.500000000 0.500000000 0.000000000 0.000000000 0.999523520 0.002424385 -0.030770728 -0.014177312 -0.002385700 0.999996305 0.001293850 0.027550042 0.030773751 -0.001219824 0.999525607 0.075078701
65482089 0.652073351 1.159241560 0.500000000 0.500000000 0.000000000 0.000000000 0.999178529 0.005673830 -0.040125523 0.001320386 -0.005638453 0.999983609 0.000994779 0.042377928 0.040130511 -0.000767716 0.999194145 0.057151625
66149422 0.652073351 1.159241560 0.500000000 0.500000000 0.000000000 0.000000000 0.996469557 0.016541203 -0.082309574 0.058459876 -0.016412171 0.999862790 0.002244036 0.087611554 0.082335398 -0.000885234 0.996604264 -0.011223961
66399667 0.652073351 1.159241560 0.500000000 0.500000000 0.000000000 0.000000000 0.994614422 0.020147732 -0.101667196 0.080260758 -0.019924192 0.999796331 0.003213814 0.099077924 0.101711243 -0.001170869 0.994813263 -0.036193789
