https://www.youtube.com/watch?v=qfx0vuUIi0Y
225258367 0.491302239 0.873426222 0.500000000 0.500000000 0.000000000 0.000000000 0.979347050 -0.002011196 -0.202176541 -0.086137113 -0.007511865 0.998898208 -0.046324376 0.012487218 0.202046961 0.046886366 0.978252888 -0.030176740
225358467 0.491302239 0.873426222 0.500000000 0.500000000 0.000000000 0.000000000 0.976363361 -0.002829179 -0.216117173 -0.091216492 -0.007485842 0.998871744 -0.046895344 0.011191572 0.216006011 0.047404710 0.975240588 -0.030837578
225391833 0.491302239 0.873426222 0.500000000 0.500000000 0.000000000 0.000000000 0.975327253 -0.003096553 -0.220742211 -0.093064280 -0.007450325 0.998870373 -0.046930581 0.010506363 0.220638186 0.047417276 0.974202454 -0.030702042
225658767 0.491302239 0.873426222 0.500000000 0.500000000 0.000000000 0.000000000 0.965864122 -0.004873626 -0.259003460 -0.107997830 -0.008171333 0.998752296 -0.049265530 0.006246262 0.258920401 0.049700212 0.964619160 -0.029062803
226025800 0.491302239 0.873426222 0.500000000 0.500000000 0.000000000 0.000000000 0.949922383 -0.008476576 -0.312370896 -0.128202178 -0.009619981 0.998364925 -0.056346323 0.001829416 0.312337756 0.056529637 0.948287666 -0.031861584
226392833 0.491302239 0.873426222 0.500000000 0.500000000 0.000000000 0.000000000 0.931799531 -0.013904207 -0.362706959 -0.148950200 -0.011394713 0.997653008 -0.067517765 0.001550780 0.362794459 0.067045964 0.929454148 -0.040056942
226492933 0.491302239 0.873426222 0.500000000 0.500000000 0.000000000 0.000000000 0.926924109 -0.015322712 -0.374935925 -0.156188638 -0.011971183 0.997449934 -0.070358731 0.001324272 0.375057876 0.069705628 0.924376905 -0.040795296
226659767 0.491302239 0.873426222 0.500000000 0.500000000 0.000000000 0.000000000 0.917566061 -0.017926153 -0.397179037 -0.164384101 -0.012927184 0.997109652 -0.074867710 0.001078027 0.397373140 0.073830478 0.914682269 -0.042580200
226759867 0.491302239 0.873426222 0.500000000 0.500000000 0.000000000 0.000000000 0.911642075 -0.019537248 -0.410520375 -0.169105298 -0.013488150 0.996909082 -0.077397436 0.001052217 0.410763621 0.076095924 0.908560753 -0.044158987
226826600 0.491302239 0.873426222 0.500000000 0.500000000 0.000000000 0.000000000 0.907362401 -0.020469904 -0.419850558 -0.171870158 -0.013900502 0.996806085 -0.078640647 0.000495062 0.420119375 0.077191696 0.904179811 -0.046254949
