https://www.youtube.com/watch?v=s9XuG5EVI6g
40975000 0.454218696 0.807499926 0.500000000 0.500000000 0.000000000 0.000000000 0.926583111 -0.050106984 0.372737288 -0.293747373 0.050224058 0.998693705 0.009402784 0.157970690 -0.372721523 0.010007919 0.927889287 -1.515763262
41375000 0.454218696 0.807499926 0.500000000 0.500000000 0.000000000 0.000000000 0.920007408 -0.043209653 0.389511615 -0.370727899 0.046543717 0.998915851 0.000878647 0.229006761 -0.389127314 0.017320957 0.921021104 -1.836670499
41508000 0.454218696 0.807499926 0.500000000 0.500000000 0.000000000 0.000000000 0.919566035 -0.041417815 0.390746534 -0.387016016 0.045583330 0.998959601 -0.001387502 0.251889925 -0.390282512 0.019087428 0.920497298 -1.945979121
41642000 0.454218696 0.807499926 0.500000000 0.500000000 0.000000000 0.000000000 0.920301020 -0.039857656 0.389175266 -0.391683033 0.044866752 0.998985827 -0.003786691 0.276053159 -0.388629645 0.020945927 0.921155930 -2.061086567
42076000 0.454218696 0.807499926 0.500000000 0.500000000 0.000000000 0.000000000 0.926240921 -0.045696229 0.374151856 -0.349957000 0.051603653 0.998650908 -0.005780633 0.352763879 -0.373382956 0.024661861 0.927349448 -2.439597344
42109000 0.454218696 0.807499926 0.500000000 0.500000000 0.000000000 0.000000000 0.926527262 -0.046164021 0.373384625 -0.349726328 0.052233819 0.998615980 -0.006148968 0.360613420 -0.372583985 0.025200492 0.927656233 -2.466948610
42276000 0.454218696 0.807499926 0.500000000 0.500000000 0.000000000 0.000000000 0.927405477 -0.047428817 0.371038556 -0.363689294 0.053427100 0.998554349 -0.005897862 0.383925209 -0.370222420 0.025293224 0.928598762 -2.608163662
42576000 0.454218696 0.807499926 0.500000000 0.500000000 0.000000000 0.000000000 0.929161847 -0.040053964 0.367496908 -0.407165652 0.047502138 0.998807907 -0.011240791 0.451787875 -0.366608560 0.027901402 0.929956794 -2.878013215
43176000 0.454218696 0.807499926 0.500000000 0.500000000 0.000000000 0.000000000 0.941944540 -0.027658036 0.334627360 -0.322137666 0.030789355 0.999517679 -0.004055768 0.525590105 -0.334353775 0.014123269 0.942341805 -3.470484403
43410000 0.454218696 0.807499926 0.500000000 0.500000000 0.000000000 0.000000000 0.947335541 -0.021150542 0.319543481 -0.262342748 0.023644950 0.999712706 -0.003928220 0.559093158 -0.319368601 0.011276932 0.947563469 -3.675770717
