https://www.youtube.com/watch?v=43tBrOV1-sY
138672000 0.469286882 0.834287777 0.500000000 0.500000000 0.000000000 0.000000000 0.915995419 -0.039645504 0.399225086 -0.345574736 0.045537736 0.998948634 -0.005281565 0.026346973 -0.398595959 0.023017695 0.916837752 -0.741396495
139406000 0.469286882 0.834287777 0.500000000 0.500000000 0.000000000 0.000000000 0.865703464 -0.055689145 0.497449756 -0.475722298 0.057783082 0.998266399 0.011196281 0.030690098 -0.497210860 0.019051520 0.867420554 -0.986174708
140073000 0.469286882 0.834287777 0.500000000 0.500000000 0.000000000 0.000000000 0.830150783 -0.051691718 0.555137515 -0.548397198 0.052724849 0.998509109 0.014131769 0.044897047 -0.555040359 0.017538043 0.831638515 -1.242447170
140240000 0.469286882 0.834287777 0.500000000 0.500000000 0.000000000 0.000000000 0.821435452 -0.049404949 0.568157494 -0.568677075 0.049931515 0.998645246 0.014648230 0.048809831 -0.568111479 0.016336389 0.822789431 -1.305530249
140707000 0.469286882 0.834287777 0.500000000 0.500000000 0.000000000 0.000000000 0.796135485 -0.039976344 0.603796482 -0.647227360 0.039410915 0.999122381 0.014184967 0.058518205 -0.603833616 0.012503015 0.797012329 -1.481970747
140974000 0.469286882 0.834287777 0.500000000 0.500000000 0.000000000 0.000000000 0.782646000 -0.034333020 0.621519506 -0.681094262 0.034390245 0.999337673 0.011898088 0.065852805 -0.621516347 0.012062217 0.783308327 -1.585598594
142008000 0.469286882 0.834287777 0.500000000 0.500000000 0.000000000 0.000000000 0.753402710 -0.024667194 0.657096565 -0.760202173 0.025930293 0.999633372 0.007795197 0.091156986 -0.657047927 0.011165783 0.753766119 -1.992601109
142442000 0.469286882 0.834287777 0.500000000 0.500000000 0.000000000 0.000000000 0.746438742 -0.023880845 0.665025532 -0.774417239 0.028877722 0.999576867 0.003481508 0.115882884 -0.664827287 0.016605690 0.746812522 -2.168604223
142676000 0.469286882 0.834287777 0.500000000 0.500000000 0.000000000 0.000000000 0.745255232 -0.024467194 0.666330218 -0.774102083 0.031527426 0.999501824 0.001439264 0.129498238 -0.666033506 0.019935058 0.745655417 -2.265439106
143710000 0.469286882 0.834287777 0.500000000 0.500000000 0.000000000 0.000000000 0.738431811 -0.027650014 0.673761010 -0.814440488 0.035117231 0.999379992 0.002524916 0.149050966 -0.673413098 0.021796145 0.738945007 -2.671379744
