https://www.youtube.com/watch?v=xwvRZeqPCQw
86853433 0.497552231 0.884537287 0.500000000 0.500000000 0.000000000 0.000000000 0.995445967 -0.088492058 -0.035447732 0.982102272 0.089384578 0.995697379 0.024436153 0.146492564 0.033132806 -0.027493350 0.999072731 -0.218836956
86920167 0.497552231 0.884537287 0.500000000 0.500000000 0.000000000 0.000000000 0.994997740 -0.092447132 -0.037855104 1.026068101 0.093396083 0.995336950 0.024114290 0.163468597 0.035449285 -0.027529182 0.998992264 -0.222712281
87087000 0.497552231 0.884537287 0.500000000 0.500000000 0.000000000 0.000000000 0.994044006 -0.098749869 -0.046098024 1.149243805 0.099788494 0.994791329 0.020795807 0.207676063 0.043804329 -0.025272001 0.998720407 -0.235507749
87153733 0.497552231 0.884537287 0.500000000 0.500000000 0.000000000 0.000000000 0.993656635 -0.101000912 -0.049450595 1.197479515 0.102043442 0.994597971 0.019025832 0.224620586 0.047261838 -0.023951253 0.998595357 -0.241744292
87220467 0.497552231 0.884537287 0.500000000 0.500000000 0.000000000 0.000000000 0.993076563 -0.106022634 -0.050578155 1.239544542 0.107102945 0.994063675 0.019142123 0.244318535 0.048248406 -0.024426663 0.998536646 -0.256950975
87287200 0.497552231 0.884537287 0.500000000 0.500000000 0.000000000 0.000000000 0.992684305 -0.108314514 -0.053346060 1.284965499 0.109388754 0.993842542 0.017638311 0.259666428 0.051107097 -0.023344733 0.998420298 -0.265885634
87787700 0.497552231 0.884537287 0.500000000 0.500000000 0.000000000 0.000000000 0.989292920 -0.130303025 -0.065731294 1.578385954 0.131555170 0.991194189 0.015076705 0.333532598 0.063187934 -0.023562571 0.997723460 -0.371194165
88521767 0.497552231 0.884537287 0.500000000 0.500000000 0.000000000 0.000000000 0.983880222 -0.164813966 -0.069397792 1.895415778 0.166268572 0.985955596 0.015693683 0.417786599 0.065836608 -0.026979377 0.997465611 -0.604754189
88788700 0.497552231 0.884537287 0.500000000 0.500000000 0.000000000 0.000000000 0.980929255 -0.182298467 -0.067416854 1.997156833 0.184004754 0.982722282 0.019978257 0.452910609 0.062610045 -0.032002278 0.997524858 -0.698219182
88888800 0.497552231 0.884537287 0.500000000 0.500000000 0.000000000 0.000000000 0.979719520 -0.189047113 -0.066414580 2.033427842 0.190806404 0.981399357 0.021170458 0.468014486 0.061177012 -0.033413436 0.997567475 -0.736400495
