https://www.youtube.com/watch?v=Xiuy3hnf9xg
120220100 0.481456190 0.855922113 0.500000000 0.500000000 0.000000000 0.000000000 0.999999940 0.000076041 -0.000323146 -0.086262232 -0.000076507 0.999998987 -0.001440693 -0.000001959 0.000323036 0.001440717 0.999998927 -0.056202584
120487033 0.481456190 0.855922113 0.500000000 0.500000000 0.000000000 0.000000000 1.000000000 0.000039413 -0.000119013 -0.118860498 -0.000039623 0.999998450 -0.001765464 -0.000571145 0.000118943 0.001765469 0.999998450 -0.075062468
120920800 0.481456190 0.855922113 0.500000000 0.500000000 0.000000000 0.000000000 0.999999881 -0.000227418 0.000362863 -0.175788915 0.000228215 0.999997556 -0.002198701 -0.001645217 -0.000362362 0.002198784 0.999997497 -0.108432874
120954167 0.481456190 0.855922113 0.500000000 0.500000000 0.000000000 0.000000000 0.999999881 -0.000204698 0.000459304 -0.180629681 0.000205674 0.999997735 -0.002127422 -0.001420788 -0.000458868 0.002127516 0.999997616 -0.111049172
121654867 0.481456190 0.855922113 0.500000000 0.500000000 0.000000000 0.000000000 0.999999046 0.000007609 0.001381157 -0.295024439 -0.000005054 0.999998271 -0.001850043 -0.003612165 -0.001381168 0.001850034 0.999997318 -0.176664854
121821700 0.481456190 0.855922113 0.500000000 0.500000000 0.000000000 0.000000000 0.999998391 0.000071049 0.001792312 -0.327348813 -0.000067818 0.999998391 -0.001802981 -0.004173665 -0.001792437 0.001802857 0.999996781 -0.195485339
122355567 0.481456190 0.855922113 0.500000000 0.500000000 0.000000000 0.000000000 0.999995708 0.001236312 0.002655147 -0.444159363 -0.001233224 0.999998569 -0.001164279 -0.006163568 -0.002656582 0.001160999 0.999995768 -0.262667613
122655867 0.481456190 0.855922113 0.500000000 0.500000000 0.000000000 0.000000000 0.999994993 0.001165318 0.002944035 -0.517984792 -0.001163387 0.999999106 -0.000657345 -0.007690688 -0.002944798 0.000653917 0.999995470 -0.306221254
122889433 0.481456190 0.855922113 0.500000000 0.500000000 0.000000000 0.000000000 0.999991655 0.000879718 0.003989310 -0.582034985 -0.000877228 0.999999404 -0.000625866 -0.008938634 -0.003989859 0.000622362 0.999991834 -0.342203007
123256467 0.481456190 0.855922113 0.500000000 0.500000000 0.000000000 0.000000000 0.999986410 -0.000450890 0.005191068 -0.684670288 0.000444190 0.999999046 0.001291727 -0.012187992 -0.005191646 -0.001289404 0.999985695 -0.401938187
