https://www.youtube.com/watch?v=_QoGyX2kgxc
168768600 0.480000567 0.853334353 0.500000000 0.500000000 0.000000000 0.000000000 0.999179423 -0.008439913 0.039613973 0.173896549 0.008223251 0.999950349 0.005629129 0.014823381 -0.039659519 -0.005298754 0.999199212 -1.218876224
169669500 0.480000567 0.853334353 0.500000000 0.500000000 0.000000000 0.000000000 0.999750197 -0.008393081 0.020715808 0.341233552 0.008223740 0.999932170 0.008246144 0.035086624 -0.020783614 -0.008073723 0.999751389 -1.726177603
171304467 0.480000567 0.853334353 0.500000000 0.500000000 0.000000000 0.000000000 0.976051629 0.003246117 -0.217514858 1.034858099 -0.000349029 0.999910712 0.013356129 0.069479345 0.217538804 -0.012960352 0.975965619 -2.327186257
172005167 0.480000567 0.853334353 0.500000000 0.500000000 0.000000000 0.000000000 0.940974653 0.008999511 -0.338357300 1.361481971 -0.004702338 0.999897599 0.013517687 0.091974739 0.338444322 -0.011128731 0.940920591 -2.457803348
172405567 0.480000567 0.853334353 0.500000000 0.500000000 0.000000000 0.000000000 0.914369583 0.012850703 -0.404676527 1.556335914 -0.008050075 0.999875605 0.013562339 0.095347630 0.404800475 -0.009143314 0.914359331 -2.519742615
173239733 0.480000567 0.853334353 0.500000000 0.500000000 0.000000000 0.000000000 0.836245835 0.018854223 -0.548030555 1.993462474 -0.013311183 0.999812186 0.014085458 0.100840186 0.548193157 -0.004483970 0.836339712 -2.552600350
174107267 0.480000567 0.853334353 0.500000000 0.500000000 0.000000000 0.000000000 0.744440496 0.022516685 -0.667309046 2.385372694 -0.017428892 0.999745965 0.014290518 0.118672393 0.667461276 0.000992016 0.744643867 -2.603101081
176342833 0.480000567 0.853334353 0.500000000 0.500000000 0.000000000 0.000000000 0.530002296 0.026317915 -0.847587705 3.220379154 -0.027063020 0.999534070 0.014113219 0.153359633 0.847564220 0.015458245 0.530467629 -2.846357580
176609767 0.480000567 0.853334353 0.500000000 0.500000000 0.000000000 0.000000000 0.512310207 0.026328405 -0.858396828 3.274121659 -0.027748492 0.999515533 0.014095829 0.152309351 0.858352065 0.016597779 0.512792587 -2.900745426
176643133 0.480000567 0.853334353 0.500000000 0.500000000 0.000000000 0.000000000 0.509939313 0.026251126 -0.859809756 3.281030457 -0.027677497 0.999517441 0.014101509 0.151733268 0.859764993 0.016606467 0.510419786 -2.908620630
