https://www.youtube.com/watch?v=t2D238DfWck
156055900 0.513148485 0.912264028 0.500000000 0.500000000 0.000000000 0.000000000 0.998955190 -0.021780545 0.040175740 -0.007440165 0.020757208 0.999453783 0.025715217 0.066065087 -0.040713884 -0.024854414 0.998861670 -0.355918128
156356200 0.513148485 0.912264028 0.500000000 0.500000000 0.000000000 0.000000000 0.999200106 -0.000441040 0.039987601 -0.002968080 -0.000501267 0.999722481 0.023551913 0.080467337 -0.039986894 -0.023553118 0.998922586 -0.429700571
156556400 0.513148485 0.912264028 0.500000000 0.500000000 0.000000000 0.000000000 0.999068499 0.002453442 0.043082498 -0.008737085 -0.003277950 0.999812603 0.019077668 0.067186111 -0.043027621 -0.019201118 0.998889327 -0.475710513
156789967 0.513148485 0.912264028 0.500000000 0.500000000 0.000000000 0.000000000 0.998656929 -0.005488731 0.051519010 -0.028123279 0.004474431 0.999794304 0.019782625 0.040098818 -0.051616993 -0.019525537 0.998476088 -0.538502269
157056900 0.513148485 0.912264028 0.500000000 0.500000000 0.000000000 0.000000000 0.998414099 -0.009535106 0.055482678 -0.050963676 0.007620821 0.999371767 0.034612253 0.020759673 -0.055777851 -0.034134537 0.997859538 -0.620829364
157957800 0.513148485 0.912264028 0.500000000 0.500000000 0.000000000 0.000000000 0.997360945 -0.016421607 0.070721269 -0.100202725 0.015103161 0.999702811 0.019137416 0.048939008 -0.071014516 -0.018018795 0.997312546 -0.826458211
158324833 0.513148485 0.912264028 0.500000000 0.500000000 0.000000000 0.000000000 0.996735215 -0.035431877 0.072549894 -0.103692925 0.033739526 0.999132276 0.024421211 0.064462511 -0.073352233 -0.021893682 0.997065783 -0.948240816
158591767 0.513148485 0.912264028 0.500000000 0.500000000 0.000000000 0.000000000 0.995725214 -0.037722372 0.084310949 -0.113375248 0.035700891 0.999040782 0.025357408 0.074468822 -0.085186616 -0.022239035 0.996116817 -1.018641692
159058900 0.513148485 0.912264028 0.500000000 0.500000000 0.000000000 0.000000000 0.993782997 -0.034402777 0.105885826 -0.134942788 0.032215606 0.999232173 0.022297964 0.075939210 -0.106571637 -0.018748160 0.994128287 -1.103951898
159192367 0.513148485 0.912264028 0.500000000 0.500000000 0.000000000 0.000000000 0.990954816 -0.044092581 0.126745179 -0.159136076 0.040130630 0.998627782 0.033645723 0.051885766 -0.128054783 -0.028255031 0.991364539 -1.135315927
