https://www.youtube.com/watch?v=EdJ9TTl_E_E
64130733 0.513009817 0.912017440 0.500000000 0.500000000 0.000000000 0.000000000 0.999999762 0.000153793 0.000691790 0.071952408 -0.000155064 0.999998271 0.001838096 0.053885818 -0.000691506 -0.001838203 0.999998093 -0.287927554
64664600 0.513009817 0.912017440 0.500000000 0.500000000 0.000000000 0.000000000 0.999999583 0.000318775 0.000837307 0.120480167 -0.000320444 0.999997973 0.001994667 0.070965948 -0.000836670 -0.001994934 0.999997675 -0.552898120
66032633 0.513009817 0.912017440 0.500000000 0.500000000 0.000000000 0.000000000 0.999955535 0.002404340 -0.009119817 0.175719707 -0.002379240 0.999993384 0.002762021 0.270795554 0.009126398 -0.002740200 0.999954581 -1.051447568
66332933 0.513009817 0.912017440 0.500000000 0.500000000 0.000000000 0.000000000 0.999927998 0.002343413 -0.011769579 0.175865062 -0.002319240 0.999995172 0.002067066 0.294510089 0.011774366 -0.002039621 0.999928594 -1.196322799
66466400 0.513009817 0.912017440 0.500000000 0.500000000 0.000000000 0.000000000 0.999906898 0.002521864 -0.013411265 0.175216499 -0.002494559 0.999994755 0.002052302 0.306928833 0.013416370 -0.002018656 0.999907970 -1.251246584
66499767 0.513009817 0.912017440 0.500000000 0.500000000 0.000000000 0.000000000 0.999901056 0.002525451 -0.013838794 0.175504104 -0.002497140 0.999994755 0.002062725 0.309696125 0.013843931 -0.002027963 0.999902129 -1.263428268
67967900 0.513009817 0.912017440 0.500000000 0.500000000 0.000000000 0.000000000 0.996753991 0.001476344 -0.080494434 0.397284713 -0.001248999 0.999995112 0.002874631 0.495813383 0.080498286 -0.002764762 0.996750891 -1.789403857
68535133 0.513009817 0.912017440 0.500000000 0.500000000 0.000000000 0.000000000 0.991859019 0.002218824 -0.127321482 0.584564143 -0.001863853 0.999994040 0.002907067 0.550164135 0.127327174 -0.002646092 0.991857231 -1.958183884
69736333 0.513009817 0.912017440 0.500000000 0.500000000 0.000000000 0.000000000 0.974758804 0.003787489 -0.223228306 1.053178745 -0.003092995 0.999989212 0.003460689 0.688178711 0.223239005 -0.002682893 0.974760056 -2.328730827
71871800 0.513009817 0.912017440 0.500000000 0.500000000 0.000000000 0.000000000 0.874705553 0.015154023 -0.484417766 2.327839057 -0.013263749 0.999885142 0.007329226 0.710687394 0.484473199 0.000014281 0.874806106 -2.689193133
