https://www.youtube.com/watch?v=fNRoxIhGT6o
127994533 0.501291235 0.891184388 0.500000000 0.500000000 0.000000000 0.000000000 0.971814096 -0.024505228 0.234471425 -0.059849568 -0.093051270 0.873958468 0.477009475 0.324234400 -0.216607511 -0.485382408 0.847044945 -0.134820480
128161367 0.501291235 0.891184388 0.500000000 0.500000000 0.000000000 0.000000000 0.967331767 -0.036983203 0.250801742 -0.019996319 -0.091294281 0.872109115 0.480719328 0.332046106 -0.236505017 -0.487911850 0.840242445 -0.118547082
128228100 0.501291235 0.891184388 0.500000000 0.500000000 0.000000000 0.000000000 0.965698779 -0.041466106 0.256332695 0.001895448 -0.089692689 0.873138368 0.479149848 0.337213107 -0.243682399 -0.485705584 0.839469433 -0.108144815
128294833 0.501291235 0.891184388 0.500000000 0.500000000 0.000000000 0.000000000 0.964435637 -0.045298591 0.260407269 0.028962674 -0.088241003 0.873502910 0.478754789 0.339317671 -0.249153420 -0.484706789 0.838440180 -0.098761615
128328200 0.501291235 0.891184388 0.500000000 0.500000000 0.000000000 0.000000000 0.963425457 -0.048317980 0.263584405 0.040886851 -0.087380186 0.873207331 0.479451388 0.338291156 -0.253329962 -0.484947741 0.837048173 -0.093101678
128361567 0.501291235 0.891184388 0.500000000 0.500000000 0.000000000 0.000000000 0.962310433 -0.051063411 0.267116308 0.053010836 -0.085844330 0.874960303 0.476524115 0.343731206 -0.258049101 -0.481494546 0.837599933 -0.086293752
128394933 0.501291235 0.891184388 0.500000000 0.500000000 0.000000000 0.000000000 0.961425006 -0.053495653 0.269815117 0.067036916 -0.084676638 0.875711620 0.475351453 0.345800577 -0.261709481 -0.479861796 0.837401211 -0.081545796
128428300 0.501291235 0.891184388 0.500000000 0.500000000 0.000000000 0.000000000 0.960606039 -0.056351431 0.272140741 0.081621463 -0.083212860 0.875981331 0.475112915 0.345789108 -0.265163511 -0.479041934 0.836783826 -0.076890409
128461667 0.501291235 0.891184388 0.500000000 0.500000000 0.000000000 0.000000000 0.959901273 -0.058874011 0.274086386 0.097999941 -0.081816792 0.876300037 0.474767625 0.345784516 -0.268133372 -0.478154927 0.836344659 -0.072187211
128495033 0.501291235 0.891184388 0.500000000 0.500000000 0.000000000 0.000000000 0.958226681 -0.062105179 0.279185534 0.110800131 -0.080919459 0.877387404 0.472909480 0.348093918 -0.274324000 -0.475746036 0.835710526 -0.063082203
