https://www.youtube.com/watch?v=4NL9n0omkac
31364667 0.529496939 0.941327858 0.500000000 0.500000000 0.000000000 0.000000000 0.999692440 0.007094354 -0.023762284 0.152534386 -0.007180049 0.999967992 -0.003522954 0.060159568 0.023736531 0.003692485 0.999711454 -0.655975416
32298933 0.529496939 0.941327858 0.500000000 0.500000000 0.000000000 0.000000000 0.999256670 0.008547948 -0.037590496 0.263770828 -0.008246023 0.999932528 0.008179660 0.071488813 0.037657879 -0.007863608 0.999259770 -1.149034050
32332300 0.529496939 0.941327858 0.500000000 0.500000000 0.000000000 0.000000000 0.999230266 0.009107460 -0.038156107 0.268284949 -0.008774134 0.999921978 0.008894216 0.070466682 0.038234133 -0.008552584 0.999232233 -1.166995324
34934900 0.529496939 0.941327858 0.500000000 0.500000000 0.000000000 0.000000000 0.994575620 0.022958206 -0.101450644 0.689705017 -0.024045862 0.999665618 -0.009511037 0.188801551 0.101198368 0.011898913 0.994795084 -2.509889711
35301933 0.529496939 0.941327858 0.500000000 0.500000000 0.000000000 0.000000000 0.992701888 0.025146235 -0.117943108 0.769427615 -0.026973447 0.999539196 -0.013921496 0.209195370 0.117538691 0.017001228 0.992922783 -2.676930842
35635600 0.529496939 0.941327858 0.500000000 0.500000000 0.000000000 0.000000000 0.990834475 0.027340710 -0.132285699 0.841010513 -0.029924385 0.999397516 -0.017582217 0.228058826 0.131725281 0.021379635 0.991055667 -2.824276987
37070367 0.529496939 0.941327858 0.500000000 0.500000000 0.000000000 0.000000000 0.980784833 0.029397525 -0.192865103 1.239678330 -0.036720928 0.998729646 -0.034506749 0.340264465 0.191605672 0.040925883 0.980618358 -3.454865690
37270567 0.529496939 0.941327858 0.500000000 0.500000000 0.000000000 0.000000000 0.979226947 0.030024754 -0.200532183 1.301256413 -0.037803747 0.998669446 -0.035074893 0.347151017 0.199212253 0.041927148 0.979059041 -3.543919009
38538500 0.529496939 0.941327858 0.500000000 0.500000000 0.000000000 0.000000000 0.970834494 0.029046781 -0.237984478 1.695795507 -0.038243216 0.998685896 -0.034116603 0.401296346 0.236680761 0.042222869 0.970669568 -4.083166110
39139100 0.529496939 0.941327858 0.500000000 0.500000000 0.000000000 0.000000000 0.969011843 0.024452405 -0.245800912 1.869677850 -0.032294173 0.999088287 -0.027922286 0.403607893 0.244894043 0.034994964 0.968918085 -4.362201363
