https://www.youtube.com/watch?v=R3uC76NrEsg
235935700 0.498409496 0.886061378 0.500000000 0.500000000 0.000000000 0.000000000 0.950288177 -0.308385789 0.043018386 -7.413168176 0.274914175 0.766105652 -0.580951214 5.447132068 0.146200463 0.563897431 0.812800765 -3.739071104
237136900 0.498409496 0.886061378 0.500000000 0.500000000 0.000000000 0.000000000 0.863694549 -0.467379391 -0.188648418 -5.489189840 0.265461951 0.740004241 -0.617999732 5.639457472 0.428440958 0.483684033 0.763209105 -6.758901849
237237000 0.498409496 0.886061378 0.500000000 0.500000000 0.000000000 0.000000000 0.845124841 -0.486616522 -0.221287861 -5.165105303 0.263624609 0.739507854 -0.619378865 5.653684672 0.465044111 0.465115577 0.753260553 -7.065526203
237737500 0.498409496 0.886061378 0.500000000 0.500000000 0.000000000 0.000000000 0.732729316 -0.569017828 -0.373264611 -3.441203255 0.250166953 0.735318124 -0.629860103 5.789787398 0.632869840 0.368138462 0.681138635 -8.385415760
238037800 0.498409496 0.886061378 0.500000000 0.500000000 0.000000000 0.000000000 0.656131029 -0.604387820 -0.451893151 -2.365494148 0.239385068 0.734579802 -0.634891570 5.947584779 0.715672314 0.308395565 0.626662016 -8.942665397
238137900 0.498409496 0.886061378 0.500000000 0.500000000 0.000000000 0.000000000 0.629708230 -0.613644361 -0.476348758 -2.002271608 0.235524461 0.735144854 -0.635680974 5.993493467 0.740267396 0.288101733 0.607455015 -9.104155345
238271367 0.498409496 0.886061378 0.500000000 0.500000000 0.000000000 0.000000000 0.590151608 -0.626377761 -0.509285748 -1.476739600 0.230252475 0.735252738 -0.637485087 6.055143334 0.773760259 0.258948535 0.578135610 -9.307198647
238504933 0.498409496 0.886061378 0.500000000 0.500000000 0.000000000 0.000000000 0.521653295 -0.643090606 -0.560635626 -0.584763850 0.221687615 0.736731470 -0.638812423 6.169830453 0.823852181 0.208952636 0.526883602 -9.605161993
238972067 0.498409496 0.886061378 0.500000000 0.500000000 0.000000000 0.000000000 0.379328489 -0.659477353 -0.648998857 1.169714081 0.206443191 0.744063199 -0.635414183 6.311763480 0.901937425 0.107049301 0.418388963 -9.965759915
239239000 0.498409496 0.886061378 0.500000000 0.500000000 0.000000000 0.000000000 0.302218825 -0.660590649 -0.687229097 2.076839189 0.197612166 0.748697162 -0.632773280 6.389319505 0.932530522 0.055431172 0.356811106 -10.117172344
