https://www.youtube.com/watch?v=MqeAGjuMyzY
69569500 0.482690589 0.858116521 0.500000000 0.500000000 0.000000000 0.000000000 0.999785304 -0.000181524 0.020719722 0.194390163 0.000192788 0.999999821 -0.000541636 0.007729141 -0.020719619 0.000545515 0.999785185 -0.005824445
70036633 0.482690589 0.858116521 0.500000000 0.500000000 0.000000000 0.000000000 0.999999762 -0.000607479 0.000332768 -0.022742197 0.000606883 0.999998212 0.001790443 -0.017816031 -0.000333855 -0.001790240 0.999998331 -0.019437130
70437033 0.482690589 0.858116521 0.500000000 0.500000000 0.000000000 0.000000000 0.999659538 -0.002392605 -0.025981462 -0.185418578 0.002393831 0.999997139 0.000016121 -0.028589317 0.025981348 -0.000078310 0.999662399 -0.129650545
71337933 0.482690589 0.858116521 0.500000000 0.500000000 0.000000000 0.000000000 0.996387601 -0.012883676 -0.083939046 -0.468006416 0.012599475 0.999912977 -0.003914678 -0.020690053 0.083982177 0.002842949 0.996463180 -0.771281540
71805067 0.482690589 0.858116521 0.500000000 0.500000000 0.000000000 0.000000000 0.994696438 -0.009528321 -0.102412082 -0.659463773 0.009217408 0.999951363 -0.003508716 -0.001798884 0.102440529 0.002546133 0.994735897 -1.212864108
72739333 0.482690589 0.858116521 0.500000000 0.500000000 0.000000000 0.000000000 0.991500139 -0.005582162 -0.129985929 -0.975743215 0.005261740 0.999982238 -0.002808358 0.060369170 0.129999295 0.002100535 0.991511881 -2.254776224
72772700 0.482690589 0.858116521 0.500000000 0.500000000 0.000000000 0.000000000 0.991456151 -0.005305298 -0.130332634 -0.989260201 0.005002063 0.999983966 -0.002653877 0.063268126 0.130344614 0.001979270 0.991466761 -2.294772720
73673600 0.482690589 0.858116521 0.500000000 0.500000000 0.000000000 0.000000000 0.990432978 -0.006396894 -0.137846157 -1.216396481 0.006237421 0.999979258 -0.001588834 0.118240993 0.137853459 0.000713829 0.990452349 -3.432906601
74407667 0.482690589 0.858116521 0.500000000 0.500000000 0.000000000 0.000000000 0.990473866 -0.005556982 -0.137588844 -1.387539921 0.005386580 0.999984205 -0.001610799 0.160838539 0.137595624 0.000854321 0.990488112 -4.430821573
75175100 0.482690589 0.858116521 0.500000000 0.500000000 0.000000000 0.000000000 0.989535511 0.000253417 -0.144289136 -1.429128056 -0.001206628 0.999978006 -0.006518786 0.249098489 0.144284308 0.006624674 0.989514112 -5.564507490
