https://www.youtube.com/watch?v=4hALIRqlDQ0
92425000 0.483853000 0.860183093 0.500000000 0.500000000 0.000000000 0.000000000 0.861738026 -0.029388955 0.506501555 -0.149635666 0.051216420 0.998260200 -0.029214749 0.120638064 -0.504761755 0.051116657 0.861743987 -1.263904238
92826000 0.483853000 0.860183093 0.500000000 0.500000000 0.000000000 0.000000000 0.817264557 -0.031145869 0.575420380 -0.280838281 0.062764019 0.997408986 -0.035156280 0.168318056 -0.572834492 0.064847678 0.817101836 -1.513441334
92859000 0.483853000 0.860183093 0.500000000 0.500000000 0.000000000 0.000000000 0.813417792 -0.030745642 0.580866754 -0.295691806 0.063131250 0.997369587 -0.035614561 0.172030949 -0.578243852 0.065640360 0.813219130 -1.536422983
93093000 0.483853000 0.860183093 0.500000000 0.500000000 0.000000000 0.000000000 0.789397836 -0.027299386 0.613274634 -0.383445602 0.064639278 0.997153521 -0.038815286 0.199575582 -0.610469341 0.070282333 0.788915455 -1.702246793
93159000 0.483853000 0.860183093 0.500000000 0.500000000 0.000000000 0.000000000 0.783672690 -0.026259800 0.620618641 -0.402958393 0.065246522 0.997059047 -0.040200770 0.210002457 -0.617737830 0.071997456 0.783081353 -1.751406290
93293000 0.483853000 0.860183093 0.500000000 0.500000000 0.000000000 0.000000000 0.774965703 -0.024113078 0.631543100 -0.425030797 0.066442914 0.996842802 -0.043471348 0.231114281 -0.628500998 0.075650372 0.774121106 -1.853064527
93960000 0.483853000 0.860183093 0.500000000 0.500000000 0.000000000 0.000000000 0.746253967 -0.032390304 0.664872825 -0.498309928 0.084902160 0.995289266 -0.046807230 0.342671769 -0.660224676 0.091379225 0.745488584 -2.315440063
94561000 0.483853000 0.860183093 0.500000000 0.500000000 0.000000000 0.000000000 0.725223601 -0.043956872 0.687108815 -0.604546098 0.087908298 0.995703816 -0.029085858 0.357533638 -0.682878375 0.081496321 0.725972116 -2.592374366
94594000 0.483853000 0.860183093 0.500000000 0.500000000 0.000000000 0.000000000 0.724390745 -0.045053728 0.687915862 -0.608946983 0.089033194 0.995619476 -0.028547756 0.362559052 -0.683616221 0.081927076 0.725228786 -2.610995633
94694000 0.483853000 0.860183093 0.500000000 0.500000000 0.000000000 0.000000000 0.722663343 -0.046648018 0.689624250 -0.617217530 0.090698265 0.995492935 -0.027705723 0.375087133 -0.685223699 0.082569636 0.723637164 -2.676045688
