https://www.youtube.com/watch?v=IEPCOLb2i88
260560000 0.473383136 0.841570068 0.500000000 0.500000000 0.000000000 0.000000000 0.955003500 -0.027045332 0.295358837 0.284018203 0.025963968 0.999634147 0.007583170 0.051005466 -0.295455873 0.000426734 0.955356300 -0.252731675
260794000 0.473383136 0.841570068 0.500000000 0.500000000 0.000000000 0.000000000 0.944460154 -0.030876203 0.327172279 0.310538996 0.032089792 0.999483585 0.001689405 0.077128141 -0.327055454 0.008903314 0.944963217 -0.371204917
261161000 0.473383136 0.841570068 0.500000000 0.500000000 0.000000000 0.000000000 0.928582013 -0.033195935 0.369639605 0.316034111 0.038307488 0.999244869 -0.006494913 0.103640916 -0.369144887 0.020191025 0.929152489 -0.573154901
261261000 0.473383136 0.841570068 0.500000000 0.500000000 0.000000000 0.000000000 0.924832821 -0.032503672 0.378982514 0.318060387 0.038339667 0.999233842 -0.007860553 0.106525067 -0.378436655 0.021799760 0.925370455 -0.624055827
261795000 0.473383136 0.841570068 0.500000000 0.500000000 0.000000000 0.000000000 0.914610684 -0.027727865 0.403383732 0.379924088 0.035414062 0.999305308 -0.011605523 0.122985375 -0.402781725 0.024899993 0.914957285 -0.925619100
261995000 0.473383136 0.841570068 0.500000000 0.500000000 0.000000000 0.000000000 0.916685820 -0.023387872 0.398923695 0.432769858 0.031178432 0.999428630 -0.013050908 0.128384151 -0.398390532 0.024401397 0.916891277 -1.049866782
262029000 0.473383136 0.841570068 0.500000000 0.500000000 0.000000000 0.000000000 0.917142749 -0.022929428 0.397898734 0.442959200 0.030589804 0.999448597 -0.012913917 0.128912527 -0.397383213 0.024015550 0.917338431 -1.071927982
263330000 0.473383136 0.841570068 0.500000000 0.500000000 0.000000000 0.000000000 0.958542943 0.029542459 0.283412486 0.939737540 -0.026581680 0.999544561 -0.014287734 0.060577338 -0.283705503 0.006161827 0.958891690 -1.731137202
263597000 0.473383136 0.841570068 0.500000000 0.500000000 0.000000000 0.000000000 0.970625937 0.034206659 0.238149434 1.062307794 -0.031851757 0.999398291 -0.013730584 0.051564439 -0.238475814 0.005741782 0.971131444 -1.824988911
264364000 0.473383136 0.841570068 0.500000000 0.500000000 0.000000000 0.000000000 0.996412694 0.022280870 0.081641674 1.420660572 -0.020987432 0.999640822 -0.016667034 0.104974554 -0.081983700 0.014893794 0.996522367 -2.014328763
