https://www.youtube.com/watch?v=Bdty9725Cf8
47580867 0.487392881 0.866476253 0.500000000 0.500000000 0.000000000 0.000000000 0.324467450 -0.145130634 0.934696734 -1.814092534 0.167986304 0.981292486 0.094051369 0.218400403 -0.930860639 0.126499653 0.342777431 -1.367909053
47881167 0.487392881 0.866476253 0.500000000 0.500000000 0.000000000 0.000000000 0.249824032 -0.138419315 0.958346546 -1.961154318 0.165576354 0.981258988 0.098565869 0.219794640 -0.954029560 0.134055406 0.268061042 -1.310479147
49416033 0.487392881 0.866476253 0.500000000 0.500000000 0.000000000 0.000000000 -0.119336024 -0.146235764 0.982025445 -2.641308812 0.151506677 0.974827647 0.163575053 0.125922296 -0.981226087 0.168303818 -0.094176359 -1.006903262
49482767 0.487392881 0.866476253 0.500000000 0.500000000 0.000000000 0.000000000 -0.133140057 -0.145566463 0.980349004 -2.666177938 0.151108071 0.974609375 0.165236026 0.123620845 -0.979510128 0.170138180 -0.107763276 -0.989195803
49949900 0.487392881 0.866476253 0.500000000 0.500000000 0.000000000 0.000000000 -0.218110755 -0.138361737 0.966066122 -2.826055759 0.149197549 0.973535240 0.173116118 0.123864072 -0.964452088 0.181893185 -0.191695273 -0.909621179
50050000 0.487392881 0.866476253 0.500000000 0.500000000 0.000000000 0.000000000 -0.234590143 -0.138203397 0.962219954 -2.855861005 0.149283275 0.972978830 0.176144093 0.124367204 -0.960563362 0.184965014 -0.207619771 -0.893454513
50583867 0.487392881 0.866476253 0.500000000 0.500000000 0.000000000 0.000000000 -0.319194645 -0.139917269 0.937303543 -3.026781746 0.145371571 0.970106661 0.194319651 0.100379454 -0.936473131 0.198283076 -0.289312869 -0.807806084
50683967 0.487392881 0.866476253 0.500000000 0.500000000 0.000000000 0.000000000 -0.335417330 -0.141116083 0.931440532 -3.062200546 0.143276662 0.969574273 0.198488250 0.089656817 -0.931110620 0.200030088 -0.304993391 -0.777924133
51384667 0.487392881 0.866476253 0.500000000 0.500000000 0.000000000 0.000000000 -0.447282106 -0.141306624 0.883159757 -3.310158211 0.133090168 0.965931237 0.221954569 0.042376777 -0.884435236 0.216816187 -0.413237244 -0.627059673
51484767 0.487392881 0.866476253 0.500000000 0.500000000 0.000000000 0.000000000 -0.460543483 -0.140078038 0.876514614 -3.336545435 0.131845489 0.965720296 0.223609269 0.038661065 -0.877790689 0.218546286 -0.426287532 -0.613930096
