https://www.youtube.com/watch?v=DzNWJSrzAr0
193960433 0.469774326 0.835154309 0.500000000 0.500000000 0.000000000 0.000000000 0.999911487 0.004777275 0.012417642 0.064967238 -0.004324094 0.999332726 -0.036269091 0.105030406 -0.012582623 0.036212187 0.999264896 -0.814708765
194827967 0.469774326 0.835154309 0.500000000 0.500000000 0.000000000 0.000000000 0.993882000 0.036345229 -0.104295738 0.276800231 -0.042784959 0.997269809 -0.060186576 0.176479374 0.101823494 0.064280644 0.992723525 -1.376575843
195461933 0.469774326 0.835154309 0.500000000 0.500000000 0.000000000 0.000000000 0.984090507 0.054242063 -0.169185251 0.334231721 -0.066065527 0.995692432 -0.065053225 0.085594371 0.164927855 0.075195573 0.983435035 -1.768391651
197697500 0.469774326 0.835154309 0.500000000 0.500000000 0.000000000 0.000000000 0.948778808 0.086520821 -0.303863406 0.575504879 -0.109249182 0.992286861 -0.058578402 -0.291591219 0.296451420 0.088774778 0.950913012 -3.094683142
200266733 0.469774326 0.835154309 0.500000000 0.500000000 0.000000000 0.000000000 0.914189935 0.113477975 -0.389075190 0.620362295 -0.134606197 0.990520775 -0.027381180 -0.884080730 0.382279932 0.077403530 0.920798957 -4.585492642
200900700 0.469774326 0.835154309 0.500000000 0.500000000 0.000000000 0.000000000 0.905016303 0.118683696 -0.408484668 0.641761648 -0.130057827 0.991506398 -0.000070514 -1.148544484 0.405006796 0.053190444 0.912765205 -4.906407989
201434567 0.469774326 0.835154309 0.500000000 0.500000000 0.000000000 0.000000000 0.900715768 0.122265831 -0.416847885 0.588723914 -0.126882449 0.991776586 0.016733592 -1.369993587 0.415465921 0.037818473 0.908822238 -5.161849891
202335467 0.469774326 0.835154309 0.500000000 0.500000000 0.000000000 0.000000000 0.898406208 0.124431737 -0.421168685 0.431898515 -0.114454813 0.992219329 0.048998587 -1.787589049 0.423988700 0.004184150 0.905657828 -5.616666020
202602400 0.469774326 0.835154309 0.500000000 0.500000000 0.000000000 0.000000000 0.898276150 0.124033950 -0.421563238 0.399261010 -0.108037293 0.992228508 0.061729055 -1.895592383 0.425943553 -0.009905185 0.904695511 -5.706447285
202635767 0.469774326 0.835154309 0.500000000 0.500000000 0.000000000 0.000000000 0.898305714 0.124144755 -0.421467572 0.393702081 -0.107658379 0.992202759 0.062796377 -1.904997222 0.425977111 -0.011035828 0.904666603 -5.716619768
