https://www.youtube.com/watch?v=fOtJJ080vRo
35568867 0.497229149 0.883962932 0.500000000 0.500000000 0.000000000 0.000000000 0.962701380 0.024495315 -0.269455016 0.030566207 -0.025454098 0.999675989 -0.000064266 0.153740902 0.269366115 0.006920604 0.963012993 -1.244012867
35668967 0.497229149 0.883962932 0.500000000 0.500000000 0.000000000 0.000000000 0.959917128 0.025237910 -0.279145390 0.039591903 -0.026217902 0.999656200 0.000222894 0.158973775 0.279055059 0.007104647 0.960248828 -1.318405123
37904533 0.497229149 0.883962932 0.500000000 0.500000000 0.000000000 0.000000000 0.903847694 0.036295395 -0.426312089 0.423239883 -0.045958672 0.998866379 -0.012397933 0.409132576 0.425378829 0.030798580 0.904491186 -3.068073746
38238200 0.497229149 0.883962932 0.500000000 0.500000000 0.000000000 0.000000000 0.894600809 0.038022999 -0.445245594 0.544761772 -0.049491439 0.998674214 -0.014155098 0.457778451 0.444117069 0.034699008 0.895296574 -3.310889276
38772067 0.497229149 0.883962932 0.500000000 0.500000000 0.000000000 0.000000000 0.881114960 0.040025283 -0.471205294 0.732485545 -0.053245425 0.998472512 -0.014751951 0.516060856 0.469895065 0.038087692 0.881900191 -3.709247688
39472767 0.497229149 0.883962932 0.500000000 0.500000000 0.000000000 0.000000000 0.857188821 0.044502467 -0.513075888 1.078255062 -0.063728735 0.997768283 -0.019927671 0.611204022 0.511044025 0.049779452 0.858111858 -4.156876750
39639600 0.497229149 0.883962932 0.500000000 0.500000000 0.000000000 0.000000000 0.849495888 0.048091911 -0.525398791 1.177631293 -0.070146941 0.997291148 -0.022131564 0.648152240 0.522911191 0.055655789 0.850568235 -4.259024977
41241200 0.497229149 0.883962932 0.500000000 0.500000000 0.000000000 0.000000000 0.733123899 0.070167378 -0.676465750 2.380055807 -0.121050224 0.992243826 -0.028267011 0.922568259 0.669235528 0.102609552 0.735931456 -4.967842271
42542500 0.497229149 0.883962932 0.500000000 0.500000000 0.000000000 0.000000000 0.551373184 0.089842334 -0.829406977 4.093653398 -0.159055203 0.987268925 0.001205407 0.933160097 0.818956077 0.131256878 0.558643520 -4.653468738
43176467 0.497229149 0.883962932 0.500000000 0.500000000 0.000000000 0.000000000 0.449121028 0.095770955 -0.888323247 4.876421849 -0.165661663 0.985925078 0.022537790 0.815056286 0.877978623 0.137038916 0.458665282 -4.134408989
