https://www.youtube.com/watch?v=NNl3g6kTu2o
230763867 0.472529160 0.840051836 0.500000000 0.500000000 0.000000000 0.000000000 0.999510109 -0.001310072 0.031270463 0.169379913 0.001020090 0.999956369 0.009287499 0.020738345 -0.031281263 -0.009251050 0.999467790 -1.258167076
231598033 0.472529160 0.840051836 0.500000000 0.500000000 0.000000000 0.000000000 0.999970555 0.000436522 0.007662238 0.361153248 -0.000578741 0.999827445 0.018568531 0.024405594 -0.007652810 -0.018572418 0.999798238 -2.226828821
232498933 0.472529160 0.840051836 0.500000000 0.500000000 0.000000000 0.000000000 0.991935611 0.012058969 -0.126168072 0.844827041 -0.007508645 0.999306202 0.036479201 -0.005976542 0.126520440 -0.035237666 0.991337955 -2.960318479
232565667 0.472529160 0.840051836 0.500000000 0.500000000 0.000000000 0.000000000 0.990337253 0.012614577 -0.138105050 0.889160184 -0.007503184 0.999269605 0.037469164 -0.007083283 0.138476834 -0.036070880 0.989708543 -3.009741542
233366467 0.472529160 0.840051836 0.500000000 0.500000000 0.000000000 0.000000000 0.965930700 0.024092473 -0.257677048 1.370269089 -0.012043704 0.998763382 0.048235945 -0.031872205 0.258520514 -0.043489192 0.965026319 -3.530397240
233800233 0.472529160 0.840051836 0.500000000 0.500000000 0.000000000 0.000000000 0.945603609 0.029853612 -0.323948473 1.714542786 -0.012979269 0.998449743 0.054126158 -0.034780717 0.325062156 -0.046977274 0.944525123 -3.784635439
234567667 0.472529160 0.840051836 0.500000000 0.500000000 0.000000000 0.000000000 0.896350980 0.041835893 -0.441366822 2.312946951 -0.015919454 0.997932911 0.062261131 -0.098133738 0.443059236 -0.048781507 0.895164192 -4.254629128
234867967 0.472529160 0.840051836 0.500000000 0.500000000 0.000000000 0.000000000 0.872560978 0.046858795 -0.486252546 2.566318655 -0.016940156 0.997692585 0.065746397 -0.144705794 0.488211364 -0.049130548 0.871341407 -4.382256744
235268367 0.472529160 0.840051836 0.500000000 0.500000000 0.000000000 0.000000000 0.831914783 0.053252235 -0.552342296 2.992003777 -0.016865747 0.997351229 0.070753805 -0.196906227 0.554647028 -0.049545471 0.830609381 -4.498790401
236169267 0.472529160 0.840051836 0.500000000 0.500000000 0.000000000 0.000000000 0.716234803 0.068699308 -0.694469631 3.906972257 -0.015847921 0.996487260 0.082231313 -0.313195450 0.697679400 -0.047891032 0.714807630 -4.490584633
