https://www.youtube.com/watch?v=wn_2b7KLA8c
208975000 0.488026981 0.867603550 0.500000000 0.500000000 0.000000000 0.000000000 0.999951482 0.006460921 0.007432412 -0.072755116 -0.006420209 0.999964356 -0.005488591 0.030369748 -0.007467608 0.005440607 0.999957323 -0.675628790
209209000 0.488026981 0.867603550 0.500000000 0.500000000 0.000000000 0.000000000 0.999949872 0.008826870 0.004725895 -0.086512520 -0.008800979 0.999946296 -0.005471556 0.038222524 -0.004773938 0.005429690 0.999973893 -0.904968810
209376000 0.488026981 0.867603550 0.500000000 0.500000000 0.000000000 0.000000000 0.999949098 0.009692430 0.002808714 -0.100442698 -0.009674904 0.999934077 -0.006187835 0.044046725 -0.002868504 0.006160346 0.999976933 -1.070013708
209776000 0.488026981 0.867603550 0.500000000 0.500000000 0.000000000 0.000000000 0.999841511 0.013900167 -0.011121147 -0.141105914 -0.013973722 0.999880791 -0.006563772 0.079088207 0.011028585 0.006718135 0.999916613 -1.453823702
210243000 0.488026981 0.867603550 0.500000000 0.500000000 0.000000000 0.000000000 0.998386860 0.017372867 -0.054053735 -0.080152656 -0.017678984 0.999830246 -0.005190173 0.097127520 0.053954393 0.006137416 0.998524547 -1.912387867
210577000 0.488026981 0.867603550 0.500000000 0.500000000 0.000000000 0.000000000 0.995351851 0.019131139 -0.094385572 0.003448090 -0.019294133 0.999813497 -0.000814528 0.100495396 0.094352387 0.002631830 0.995535374 -2.219585755
212345000 0.488026981 0.867603550 0.500000000 0.500000000 0.000000000 0.000000000 0.967746437 0.019891087 -0.251139700 0.446270460 -0.012821630 0.999475002 0.029754585 0.033434275 0.251599699 -0.025574874 0.967493415 -3.811379602
212446000 0.488026981 0.867603550 0.500000000 0.500000000 0.000000000 0.000000000 0.965585470 0.017468302 -0.259498745 0.472687437 -0.009766631 0.999473572 0.030938832 0.028592509 0.259902596 -0.027339658 0.965247750 -3.888633996
212579000 0.488026981 0.867603550 0.500000000 0.500000000 0.000000000 0.000000000 0.962118506 0.015480569 -0.272191733 0.519709536 -0.006849210 0.999443948 0.032632176 0.021904137 0.272545546 -0.029531723 0.961689532 -3.991353244
212846000 0.488026981 0.867603550 0.500000000 0.500000000 0.000000000 0.000000000 0.955043495 0.011220061 -0.296253294 0.616843783 -0.002218309 0.999526083 0.030704001 0.028325174 0.296457380 -0.028666476 0.954615772 -4.217728469
