https://www.youtube.com/watch?v=HCstSrmiCfo
52019000 0.515724148 0.916842844 0.500000000 0.500000000 0.000000000 0.000000000 0.990834296 0.001694243 -0.135072455 -0.135616517 -0.001854521 0.999997735 -0.001060792 0.023843819 0.135070354 0.001301563 0.990835130 -0.227463286
52452000 0.515724148 0.916842844 0.500000000 0.500000000 0.000000000 0.000000000 0.989023328 0.003518538 -0.147717714 -0.238643724 -0.003651077 0.999993145 -0.000626104 0.036406139 0.147714496 0.001158561 0.989029348 -0.317037534
52519000 0.515724148 0.916842844 0.500000000 0.500000000 0.000000000 0.000000000 0.988951743 0.003785193 -0.148189679 -0.255936081 -0.003912607 0.999992192 -0.000568295 0.038589967 0.148186371 0.001141824 0.988958776 -0.328798427
52853000 0.515724148 0.916842844 0.500000000 0.500000000 0.000000000 0.000000000 0.988727808 0.003388967 -0.149685606 -0.335698578 -0.003534150 0.999993503 -0.000703928 0.051954564 0.149682254 0.001225004 0.988733411 -0.383481928
54287000 0.515724148 0.916842844 0.500000000 0.500000000 0.000000000 0.000000000 0.997036040 0.000276169 -0.076935753 -0.689397916 -0.000545479 0.999993801 -0.003479453 0.094564275 0.076934315 0.003511106 0.997029960 -0.592570910
54420000 0.515724148 0.916842844 0.500000000 0.500000000 0.000000000 0.000000000 0.998603582 0.000479522 -0.052826710 -0.727046334 -0.000652448 0.999994457 -0.003256246 0.099493864 0.052824859 0.003286165 0.998598397 -0.591795160
54687000 0.515724148 0.916842844 0.500000000 0.500000000 0.000000000 0.000000000 0.999993980 -0.001172298 0.003271952 -0.796806934 0.001180801 0.999995947 -0.002598277 0.108773236 -0.003268893 0.002602125 0.999991298 -0.582995408
55255000 0.515724148 0.916842844 0.500000000 0.500000000 0.000000000 0.000000000 0.991027594 -0.005072646 0.133561075 -0.939006782 0.005816363 0.999969661 -0.005178783 0.141379038 -0.133530766 0.005909156 0.991027057 -0.559728850
55889000 0.515724148 0.916842844 0.500000000 0.500000000 0.000000000 0.000000000 0.948586583 -0.007150702 0.316436887 -1.123421921 0.008546763 0.999958932 -0.003024101 0.150170536 -0.316402256 0.005573133 0.948608756 -0.394536547
56222000 0.515724148 0.916842844 0.500000000 0.500000000 0.000000000 0.000000000 0.913371205 -0.008080008 0.407047570 -1.220351951 0.010056161 0.999945760 -0.002715750 0.157007619 -0.407003552 0.006573824 0.913402915 -0.274772092
