https://www.youtube.com/watch?v=RdkJD8v-zCc
36803433 0.497085426 0.883707471 0.500000000 0.500000000 0.000000000 0.000000000 0.996692777 -0.008630469 0.080802500 -0.105633775 0.008709492 0.999961853 -0.000625579 0.200398140 -0.080794021 0.001327259 0.996729910 -1.613312904
38805433 0.497085426 0.883707471 0.500000000 0.500000000 0.000000000 0.000000000 0.870669961 -0.035423521 0.490590423 -0.920810777 0.038285322 0.999257982 0.004205867 0.445209657 -0.490375400 0.015120490 0.871380150 -2.454857873
38905533 0.497085426 0.883707471 0.500000000 0.500000000 0.000000000 0.000000000 0.860077441 -0.037080362 0.508814216 -0.966046788 0.039765354 0.999193370 0.005599625 0.442578336 -0.508611381 0.015417065 0.860858142 -2.494484304
39172467 0.497085426 0.883707471 0.500000000 0.500000000 0.000000000 0.000000000 0.825985670 -0.041127063 0.562188804 -1.109495086 0.043848820 0.999000669 0.008658067 0.448998692 -0.561983049 0.017499873 0.826963603 -2.586521013
41007633 0.497085426 0.883707471 0.500000000 0.500000000 0.000000000 0.000000000 0.445460469 -0.060405012 0.893261552 -2.840395913 0.064124249 0.997311592 0.035463072 0.394430420 -0.893002272 0.041482329 0.448136330 -2.748276042
41341300 0.497085426 0.883707471 0.500000000 0.500000000 0.000000000 0.000000000 0.346421987 -0.063169539 0.935949504 -3.180107725 0.067586191 0.996817946 0.042262100 0.384383750 -0.935640931 0.048616737 0.349589020 -2.608197788
41875167 0.497085426 0.883707471 0.500000000 0.500000000 0.000000000 0.000000000 0.165949270 -0.065409593 0.983962595 -3.759541312 0.071056664 0.995997250 0.054225609 0.350198041 -0.983570933 0.060918398 0.169932812 -2.240277186
42308933 0.497085426 0.883707471 0.500000000 0.500000000 0.000000000 0.000000000 0.001216236 -0.067731053 0.997702897 -4.181158598 0.067906395 0.995406210 0.067492358 0.295084239 -0.997690976 0.067668319 0.005810020 -1.767510049
43176467 0.497085426 0.883707471 0.500000000 0.500000000 0.000000000 0.000000000 -0.232078984 -0.068032935 0.970314801 -4.559772923 0.083240077 0.992502511 0.089497894 0.241999188 -0.969128668 0.101539664 -0.224675909 -1.109126174
43843800 0.497085426 0.883707471 0.500000000 0.500000000 0.000000000 0.000000000 -0.323521286 -0.066501930 0.943881035 -4.704540173 0.089946553 0.990848660 0.100640826 0.216314434 -0.941936076 0.117458299 -0.314579010 -0.897889936
