https://www.youtube.com/watch?v=bIuAITxvuyc
60493000 0.500159083 0.889171699 0.500000000 0.500000000 0.000000000 0.000000000 0.999999762 0.000344382 0.000610673 -0.001348130 -0.000343927 0.999999642 -0.000744758 0.014100043 -0.000610929 0.000744548 0.999999523 -0.002753137
60627000 0.500159083 0.889171699 0.500000000 0.500000000 0.000000000 0.000000000 0.999999642 0.000529697 0.000655206 -0.001510044 -0.000529218 0.999999583 -0.000731087 0.018425038 -0.000655593 0.000730740 0.999999523 -0.003300118
60727000 0.500159083 0.889171699 0.500000000 0.500000000 0.000000000 0.000000000 0.999999642 0.000689057 0.000540538 -0.001229316 -0.000688679 0.999999523 -0.000699615 0.021392288 -0.000541019 0.000699243 0.999999583 -0.004051680
60860000 0.500159083 0.889171699 0.500000000 0.500000000 0.000000000 0.000000000 0.999999642 0.000676824 0.000558853 -0.000494638 -0.000676430 0.999999523 -0.000705086 0.025473613 -0.000559330 0.000704708 0.999999583 -0.004862868
61027000 0.500159083 0.889171699 0.500000000 0.500000000 0.000000000 0.000000000 0.999999583 0.000697084 0.000613209 -0.000633199 -0.000696676 0.999999523 -0.000665062 0.031472092 -0.000613672 0.000664634 0.999999583 -0.005711646
61127000 0.500159083 0.889171699 0.500000000 0.500000000 0.000000000 0.000000000 0.999999404 0.000973089 0.000492903 -0.000154330 -0.000972875 0.999999404 -0.000433490 0.034796751 -0.000493325 0.000433011 0.999999762 -0.006620230
61461000 0.500159083 0.889171699 0.500000000 0.500000000 0.000000000 0.000000000 0.999999225 0.001211568 0.000327670 0.000734292 -0.001211435 0.999999166 -0.000403999 0.047763433 -0.000328159 0.000403601 0.999999881 -0.008663053
61728000 0.500159083 0.889171699 0.500000000 0.500000000 0.000000000 0.000000000 0.999999285 0.001136673 0.000439814 0.001603444 -0.001136514 0.999999285 -0.000362394 0.057111383 -0.000440225 0.000361893 0.999999821 -0.009991130
61761000 0.500159083 0.889171699 0.500000000 0.500000000 0.000000000 0.000000000 0.999999225 0.001156186 0.000431219 0.001552299 -0.001156001 0.999999225 -0.000430888 0.058531275 -0.000431717 0.000430390 0.999999821 -0.010071978
62162000 0.500159083 0.889171699 0.500000000 0.500000000 0.000000000 0.000000000 0.999999046 0.001348459 0.000200161 0.002323205 -0.001348453 0.999999106 -0.000033283 0.072869978 -0.000200206 0.000033013 1.000000000 -0.011577689
