https://www.youtube.com/watch?v=1uyBkkM75mI
156856700 0.444438036 0.790112006 0.500000000 0.500000000 0.000000000 0.000000000 0.893353462 0.082139157 -0.441783667 0.094115688 -0.079572737 0.996531069 0.024373105 0.068038463 0.442253113 0.013380138 0.896790445 -0.518136129
156990167 0.444438036 0.790112006 0.500000000 0.500000000 0.000000000 0.000000000 0.887604654 0.084224232 -0.452840179 0.092799413 -0.081328712 0.996350706 0.025901252 0.068416480 0.453369141 0.013838834 0.891215384 -0.543422195
157357200 0.444438036 0.790112006 0.500000000 0.500000000 0.000000000 0.000000000 0.879960418 0.084989965 -0.467382461 0.084988036 -0.081523679 0.996286988 0.027679227 0.069666504 0.467999518 0.013746112 0.883621812 -0.615994932
157390567 0.444438036 0.790112006 0.500000000 0.500000000 0.000000000 0.000000000 0.879696906 0.084812142 -0.467910588 0.084652503 -0.081262633 0.996304691 0.027809264 0.069210973 0.468540072 0.013559923 0.883338153 -0.621961509
157624133 0.444438036 0.790112006 0.500000000 0.500000000 0.000000000 0.000000000 0.880249083 0.084365055 -0.466951907 0.077305374 -0.080301046 0.996359169 0.028638862 0.066545955 0.467667937 0.012287396 0.883818805 -0.662026961
157690867 0.444438036 0.790112006 0.500000000 0.500000000 0.000000000 0.000000000 0.881008685 0.083984636 -0.465585917 0.074561599 -0.079781853 0.996397138 0.028767075 0.065289215 0.466324478 0.011801263 0.884535015 -0.673211030
157757600 0.444438036 0.790112006 0.500000000 0.500000000 0.000000000 0.000000000 0.881955385 0.083576098 -0.463863909 0.071503416 -0.079177588 0.996438920 0.028989919 0.063532055 0.464634895 0.011159809 0.885432005 -0.683503945
157790967 0.444438036 0.790112006 0.500000000 0.500000000 0.000000000 0.000000000 0.882471085 0.083224200 -0.462945431 0.070283087 -0.078762576 0.996471524 0.028998775 0.062842982 0.463725358 0.010872195 0.885912299 -0.688591902
157857700 0.444438036 0.790112006 0.500000000 0.500000000 0.000000000 0.000000000 0.883708775 0.082590319 -0.460692614 0.067306555 -0.077781521 0.996535301 0.029451229 0.059955855 0.461528838 0.009807061 0.887071013 -0.697802062
157891067 0.444438036 0.790112006 0.500000000 0.500000000 0.000000000 0.000000000 0.884351790 0.082240984 -0.459519744 0.065819663 -0.077389024 0.996566772 0.029420959 0.059368934 0.460361719 0.009543307 0.887680113 -0.701762549
