https://www.youtube.com/watch?v=Qs50iFtXqUw
67300567 0.504087302 0.896155186 0.500000000 0.500000000 0.000000000 0.000000000 0.990146399 0.001343639 -0.140029594 0.081584028 -0.001173909 0.999998450 0.001294690 -0.007210902 0.140031114 -0.001117551 0.990146458 -0.569148239
67901167 0.504087302 0.896155186 0.500000000 0.500000000 0.000000000 0.000000000 0.978763938 0.005213560 -0.204924375 0.129750482 -0.004947192 0.999986112 0.001812155 -0.014466685 0.204930976 -0.000759872 0.978776157 -0.764357624
68401667 0.504087302 0.896155186 0.500000000 0.500000000 0.000000000 0.000000000 0.967205763 0.007498532 -0.253883392 0.165379240 -0.007198861 0.999971867 0.002109394 -0.014488521 0.253892064 -0.000212547 0.967232525 -0.946719745
68802067 0.504087302 0.896155186 0.500000000 0.500000000 0.000000000 0.000000000 0.959408939 0.008741965 -0.281883150 0.193154128 -0.008340986 0.999961793 0.002622409 -0.013485470 0.281895280 -0.000164779 0.959445179 -1.088029631
70170100 0.504087302 0.896155186 0.500000000 0.500000000 0.000000000 0.000000000 0.929283202 0.010341085 -0.369223207 0.298833794 -0.009015926 0.999945223 0.005314321 -0.023460127 0.369257927 -0.001609620 0.929325581 -1.498994357
71471400 0.504087302 0.896155186 0.500000000 0.500000000 0.000000000 0.000000000 0.906710863 0.011842941 -0.421586454 0.383493803 -0.010364795 0.999929488 0.005797702 -0.032856014 0.421625406 -0.000887182 0.906769693 -1.911631092
71771700 0.504087302 0.896155186 0.500000000 0.500000000 0.000000000 0.000000000 0.901144564 0.012923203 -0.433326066 0.407877086 -0.011303228 0.999916196 0.006314592 -0.032274259 0.433371335 -0.000792377 0.901215076 -2.013738408
71805067 0.504087302 0.896155186 0.500000000 0.500000000 0.000000000 0.000000000 0.900723994 0.012754369 -0.434204578 0.409510248 -0.011267253 0.999918520 0.005998657 -0.031116042 0.434245706 -0.000510842 0.900794327 -2.025353426
72639233 0.504087302 0.896155186 0.500000000 0.500000000 0.000000000 0.000000000 0.889176607 0.012814896 -0.457384616 0.448940657 -0.011097965 0.999917686 0.006440511 -0.019770101 0.457429498 -0.000650713 0.889245629 -2.315551721
73239833 0.504087302 0.896155186 0.500000000 0.500000000 0.000000000 0.000000000 0.883993387 0.013547948 -0.467303008 0.439397855 -0.011547617 0.999907792 0.007144574 -0.016979968 0.467356712 -0.000919520 0.884068370 -2.521332009
