https://www.youtube.com/watch?v=1SaNI8rXoOo
195862000 0.483103527 0.858850734 0.500000000 0.500000000 0.000000000 0.000000000 0.998169780 -0.003796115 -0.060354836 -0.046388551 0.003349098 0.999966204 -0.007505917 0.061303865 0.060381290 0.007290045 0.998148739 -0.820844438
196163000 0.483103527 0.858850734 0.500000000 0.500000000 0.000000000 0.000000000 0.997474849 -0.003436934 -0.070937738 -0.053784956 0.002801691 0.999955118 -0.009052483 0.094482128 0.070965663 0.008830878 0.997439682 -0.979027725
196229000 0.483103527 0.858850734 0.500000000 0.500000000 0.000000000 0.000000000 0.997306705 -0.003437716 -0.073263548 -0.052702065 0.002754442 0.999951780 -0.009425253 0.102118065 0.073292419 0.009198068 0.997268081 -1.010713367
196596000 0.483103527 0.858850734 0.500000000 0.500000000 0.000000000 0.000000000 0.996559203 0.001460483 -0.082871057 -0.039233242 -0.002059632 0.999972343 -0.007144868 0.118189340 0.082858332 0.007290968 0.996534646 -1.193454849
197497000 0.483103527 0.858850734 0.500000000 0.500000000 0.000000000 0.000000000 0.990646303 0.004875586 -0.136367574 0.100227121 -0.003945423 0.999967098 0.007090443 0.089537503 0.136397645 -0.006486093 0.990632951 -1.670398221
197530000 0.483103527 0.858850734 0.500000000 0.500000000 0.000000000 0.000000000 0.990205944 0.004256024 -0.139549330 0.109745310 -0.003223005 0.999965727 0.007627692 0.086182486 0.139577016 -0.007103218 0.990185738 -1.688106323
198431000 0.483103527 0.858850734 0.500000000 0.500000000 0.000000000 0.000000000 0.971942544 0.008284054 -0.235072538 0.407152045 -0.004437603 0.999847531 0.016887110 -0.056869636 0.235176593 -0.015370143 0.971831143 -2.105737357
198931000 0.483103527 0.858850734 0.500000000 0.500000000 0.000000000 0.000000000 0.958368540 0.015035895 -0.285138011 0.643046602 -0.010966935 0.999814034 0.015861560 -0.136853271 0.285323471 -0.012074130 0.958355248 -2.280204999
198998000 0.483103527 0.858850734 0.500000000 0.500000000 0.000000000 0.000000000 0.956711054 0.015070168 -0.290648937 0.674600986 -0.011169607 0.999823987 0.015074642 -0.146717180 0.290824980 -0.011175643 0.956710994 -2.301740167
199198000 0.483103527 0.858850734 0.500000000 0.500000000 0.000000000 0.000000000 0.951655984 0.016496945 -0.306722522 0.768049541 -0.012278875 0.999801695 0.015676741 -0.183829008 0.306920320 -0.011152657 0.951669872 -2.362714398
