https://www.youtube.com/watch?v=zd3gdYGn4d4
40106733 0.487768138 0.867143282 0.500000000 0.500000000 0.000000000 0.000000000 0.992523193 0.020295989 -0.120356694 -0.057595226 -0.021316499 0.999746859 -0.007197507 0.037433335 0.120180145 0.009709275 0.992704630 -0.770748180
40140100 0.487768138 0.867143282 0.500000000 0.500000000 0.000000000 0.000000000 0.992448151 0.020744227 -0.120898105 -0.062024538 -0.021734847 0.999740064 -0.006880773 0.036861774 0.120723948 0.009456513 0.992641091 -0.789498246
40774067 0.487768138 0.867143282 0.500000000 0.500000000 0.000000000 0.000000000 0.990467131 0.017326748 -0.136655256 -0.064998931 -0.018705785 0.999786198 -0.008813573 0.059710243 0.136473328 0.011285798 0.990579486 -1.099432098
42876167 0.487768138 0.867143282 0.500000000 0.500000000 0.000000000 0.000000000 0.993744433 0.014287720 -0.110760383 -0.246500641 -0.015386472 0.999840438 -0.009071658 0.149112740 0.110613100 0.010719121 0.993805766 -2.246247183
44544500 0.487768138 0.867143282 0.500000000 0.500000000 0.000000000 0.000000000 0.996585071 -0.010912312 0.081848033 -0.854431120 0.010324597 0.999917805 0.007600375 0.155837070 -0.081924245 -0.006729372 0.996615827 -3.065219538
45779067 0.487768138 0.867143282 0.500000000 0.500000000 0.000000000 0.000000000 0.963278711 -0.023262646 0.267493904 -1.577657060 0.015270092 0.999373734 0.031921189 0.104711694 -0.268068939 -0.026664346 0.963030636 -3.484621632
46146100 0.487768138 0.867143282 0.500000000 0.500000000 0.000000000 0.000000000 0.947846413 -0.025309505 0.317720920 -1.801102375 0.014260679 0.999211550 0.037053324 0.101768478 -0.318408221 -0.030589944 0.947459996 -3.583397093
46980267 0.487768138 0.867143282 0.500000000 0.500000000 0.000000000 0.000000000 0.914272726 -0.031221621 0.403894246 -2.188237187 0.014734944 0.998928845 0.043864004 0.101959582 -0.404831111 -0.034152307 0.913753450 -3.858531718
47280567 0.487768138 0.867143282 0.500000000 0.500000000 0.000000000 0.000000000 0.902886212 -0.029386526 0.428874016 -2.316242378 0.011154899 0.998926401 0.044962790 0.102750901 -0.429734856 -0.035812236 0.902244687 -3.949582291
47647600 0.487768138 0.867143282 0.500000000 0.500000000 0.000000000 0.000000000 0.888201952 -0.027329300 0.458639681 -2.493108885 0.007160768 0.998931527 0.045656521 0.106549071 -0.459397405 -0.037268002 0.887448668 -4.053490725
