https://www.youtube.com/watch?v=RBxxzYKLFsc
32632600 0.499471243 0.887948870 0.500000000 0.500000000 0.000000000 0.000000000 0.996156454 0.001839929 -0.087572508 0.007345703 -0.001484036 0.999990404 0.004128913 0.033154825 0.087579258 -0.003983083 0.996149600 -0.827294100
32832800 0.499471243 0.887948870 0.500000000 0.500000000 0.000000000 0.000000000 0.995933890 0.002366719 -0.090056218 0.013447643 -0.001926608 0.999985754 0.004973687 0.035028391 0.090066709 -0.004779960 0.995924234 -0.883895509
32866167 0.499471243 0.887948870 0.500000000 0.500000000 0.000000000 0.000000000 0.995861828 0.002341010 -0.090849832 0.014889870 -0.001886233 0.999985278 0.005091353 0.035319388 0.090860412 -0.004898920 0.995851576 -0.892146697
33666967 0.499471243 0.887948870 0.500000000 0.500000000 0.000000000 0.000000000 0.994667649 0.002903016 -0.103091508 0.025438163 -0.002217188 0.999974668 0.006766575 0.034813819 0.103108540 -0.006501920 0.994648874 -1.101205474
34034000 0.499471243 0.887948870 0.500000000 0.500000000 0.000000000 0.000000000 0.994270563 0.002629602 -0.106860377 0.024451911 -0.001868720 0.999972165 0.007219848 0.034695105 0.106876388 -0.006978790 0.994247794 -1.192563360
34501133 0.499471243 0.887948870 0.500000000 0.500000000 0.000000000 0.000000000 0.993910730 0.002354713 -0.110163234 0.024679077 -0.001600499 0.999974668 0.006934253 0.038200231 0.110176772 -0.006715713 0.993889332 -1.320280143
34601233 0.499471243 0.887948870 0.500000000 0.500000000 0.000000000 0.000000000 0.993903697 0.002678837 -0.110219315 0.024408157 -0.001889425 0.999971807 0.007266012 0.038987707 0.110235676 -0.007013465 0.993880749 -1.346566830
34834800 0.499471243 0.887948870 0.500000000 0.500000000 0.000000000 0.000000000 0.993740261 0.002582156 -0.111685596 0.025704248 -0.001738974 0.999969244 0.007646361 0.040814633 0.111701906 -0.007404278 0.993714154 -1.403475169
35101733 0.499471243 0.887948870 0.500000000 0.500000000 0.000000000 0.000000000 0.993591666 0.002864417 -0.112993009 0.021946786 -0.002010427 0.999968529 0.007671121 0.042584654 0.113011435 -0.007394798 0.993566155 -1.471133971
35268567 0.499471243 0.887948870 0.500000000 0.500000000 0.000000000 0.000000000 0.993492186 0.002522388 -0.113872245 0.017060104 -0.001683125 0.999970734 0.007465755 0.044946761 0.113887742 -0.007225508 0.993467331 -1.517156876
