https://www.youtube.com/watch?v=qoHGki2smRs
90857433 0.473659339 0.842061020 0.500000000 0.500000000 0.000000000 0.000000000 0.888351440 -0.066782154 0.454281747 0.030718302 0.066179983 0.997658670 0.017246375 0.201380016 -0.454369873 0.014743516 0.890691102 -1.019892256
90890800 0.473659339 0.842061020 0.500000000 0.500000000 0.000000000 0.000000000 0.887732685 -0.067154497 0.455434889 0.027342687 0.066591524 0.997630298 0.017301895 0.204262350 -0.455517560 0.014968645 0.890100956 -1.041405301
91057633 0.473659339 0.842061020 0.500000000 0.500000000 0.000000000 0.000000000 0.884843051 -0.068494797 0.460826725 0.008917510 0.067929178 0.997530699 0.017835351 0.217937975 -0.460910439 0.015522094 0.887310922 -1.143778734
91191100 0.473659339 0.842061020 0.500000000 0.500000000 0.000000000 0.000000000 0.883175254 -0.069240898 0.463904202 0.006648635 0.068654977 0.997474909 0.018175464 0.229934675 -0.463991284 0.015797215 0.885698915 -1.228817781
91357933 0.473659339 0.842061020 0.500000000 0.500000000 0.000000000 0.000000000 0.881436169 -0.070248000 0.467049778 -0.005569541 0.069974996 0.997387171 0.017955165 0.246016167 -0.467090756 0.016855475 0.884048700 -1.324129549
91391300 0.473659339 0.842061020 0.500000000 0.500000000 0.000000000 0.000000000 0.881324887 -0.070305273 0.467251182 -0.007716366 0.070287921 0.997373343 0.017494040 0.250416547 -0.467253774 0.017424183 0.883951545 -1.341864475
91558133 0.473659339 0.842061020 0.500000000 0.500000000 0.000000000 0.000000000 0.883187413 -0.070584565 0.463678569 -0.002292963 0.070144311 0.997370422 0.018220348 0.257526487 -0.463745356 0.016432431 0.885816097 -1.429003777
91591500 0.473659339 0.842061020 0.500000000 0.500000000 0.000000000 0.000000000 0.883401752 -0.070751615 0.463244587 -0.003008493 0.070100196 0.997365654 0.018648019 0.257972695 -0.463343620 0.015999842 0.886034250 -1.448279416
91624867 0.473659339 0.842061020 0.500000000 0.500000000 0.000000000 0.000000000 0.883553147 -0.070897773 0.462933362 -0.005530739 0.070443034 0.997348011 0.018295476 0.262616630 -0.463002771 0.016445404 0.886204243 -1.465887319
91691600 0.473659339 0.842061020 0.500000000 0.500000000 0.000000000 0.000000000 0.884171486 -0.071235813 0.461699247 -0.006311567 0.070553385 0.997331440 0.018766370 0.264816520 -0.461804032 0.015981758 0.886838019 -1.497852435
