https://www.youtube.com/watch?v=ZjknomsRNi8
209909700 0.502709036 0.893704913 0.500000000 0.500000000 0.000000000 0.000000000 0.998344183 -0.000846919 0.057516456 -1.050640108 0.000075513 0.999910057 0.013412767 -0.510934074 -0.057522640 -0.013386215 0.998254478 0.990097205
210577033 0.502709036 0.893704913 0.500000000 0.500000000 0.000000000 0.000000000 0.999307096 -0.000552564 0.037216090 -0.799736031 -0.000020184 0.999881625 0.015387656 -0.512752640 -0.037220184 -0.015377745 0.999188781 2.014703253
210677133 0.502709036 0.893704913 0.500000000 0.500000000 0.000000000 0.000000000 0.999448597 -0.000429870 0.033200350 -0.758941824 -0.000095247 0.999874949 0.015813418 -0.513841851 -0.033202998 -0.015807861 0.999323606 2.177993207
210977433 0.502709036 0.893704913 0.500000000 0.500000000 0.000000000 0.000000000 0.999774456 0.000184782 0.021236615 -0.629125974 -0.000539117 0.999860704 0.016680581 -0.525653823 -0.021230575 -0.016688269 0.999635339 2.685408931
211578033 0.502709036 0.893704913 0.500000000 0.500000000 0.000000000 0.000000000 0.999986589 0.002289366 -0.004641979 -0.422370808 -0.002205838 0.999836981 0.017920231 -0.540841048 0.004682248 -0.017909750 0.999828637 3.792142878
211778233 0.502709036 0.893704913 0.500000000 0.500000000 0.000000000 0.000000000 0.999872208 0.003104119 -0.015681084 -0.380703388 -0.002817689 0.999829412 0.018255111 -0.533684354 0.015735075 -0.018208593 0.999710381 4.221862290
212378833 0.502709036 0.893704913 0.500000000 0.500000000 0.000000000 0.000000000 0.998744488 0.007875295 -0.049471438 -0.296784924 -0.006887184 0.999773979 0.020112172 -0.459121708 0.049618647 -0.019746201 0.998573005 5.539612013
212445567 0.502709036 0.893704913 0.500000000 0.500000000 0.000000000 0.000000000 0.998551905 0.009034488 -0.053033177 -0.290452567 -0.007950805 0.999755979 0.020609600 -0.447946449 0.053206433 -0.020158099 0.998380065 5.676708551
212912700 0.502709036 0.893704913 0.500000000 0.500000000 0.000000000 0.000000000 0.997244895 0.013193756 -0.072997123 -0.272738137 -0.011585470 0.999681711 0.022411918 -0.398084035 0.073269583 -0.021504465 0.997080326 6.546237147
212946067 0.502709036 0.893704913 0.500000000 0.500000000 0.000000000 0.000000000 0.997146785 0.013418030 -0.074284978 -0.272652990 -0.011777728 0.999678016 0.022475423 -0.395130316 0.074562639 -0.021536388 0.996983767 6.606730365
