https://www.youtube.com/watch?v=jmxk3E6UH94
171804967 0.472069440 0.839234540 0.500000000 0.500000000 0.000000000 0.000000000 0.983857870 0.003166971 -0.178923652 0.181294584 -0.002694071 0.999992192 0.002885943 0.005794897 0.178931385 -0.002357324 0.983858705 -0.617194509
172138633 0.472069440 0.839234540 0.500000000 0.500000000 0.000000000 0.000000000 0.968002439 0.005586195 -0.250878692 0.278112126 -0.004679360 0.999980211 0.004211008 0.015828496 0.250897259 -0.002902314 0.968009353 -0.775709146
172438933 0.472069440 0.839234540 0.500000000 0.500000000 0.000000000 0.000000000 0.948058784 0.008461376 -0.317982703 0.390414548 -0.007140396 0.999960363 0.005319551 0.017543380 0.318015099 -0.002772725 0.948081613 -0.910360488
172672500 0.472069440 0.839234540 0.500000000 0.500000000 0.000000000 0.000000000 0.925346792 0.011202951 -0.378956169 0.482742033 -0.009418759 0.999934137 0.006561696 0.017519818 0.379004717 -0.002502547 0.925391376 -0.998242551
173206367 0.472069440 0.839234540 0.500000000 0.500000000 0.000000000 0.000000000 0.860752523 0.017821221 -0.508711636 0.691228476 -0.014990748 0.999840975 0.009661784 0.023234426 0.508802891 -0.000690437 0.860882759 -1.215325709
174674500 0.472069440 0.839234540 0.500000000 0.500000000 0.000000000 0.000000000 0.608695149 0.034089111 -0.792671502 1.342114106 -0.025652178 0.999399781 0.023281138 0.020598942 0.792989373 0.006162634 0.609204292 -1.662559700
177243733 0.472069440 0.839234540 0.500000000 0.500000000 0.000000000 0.000000000 0.263839185 0.047577210 -0.963392615 2.340228561 -0.026753047 0.998759508 0.041997090 0.014292222 0.964195609 0.014693210 0.264784724 -2.392109755
178945433 0.472069440 0.839234540 0.500000000 0.500000000 0.000000000 0.000000000 0.029882593 0.053081680 -0.998142958 3.028727745 -0.024417847 0.998329699 0.052360583 -0.011663015 0.999255121 0.022807833 0.031128820 -2.427086343
179279100 0.472069440 0.839234540 0.500000000 0.500000000 0.000000000 0.000000000 -0.004532291 0.055334318 -0.998457611 3.120195688 -0.023688281 0.998181701 0.055426557 -0.020512293 0.999709129 0.023902955 -0.003213275 -2.435265047
179946433 0.472069440 0.839234540 0.500000000 0.500000000 0.000000000 0.000000000 -0.023284327 0.057088852 -0.998097539 3.172038000 -0.021357778 0.998111963 0.057587925 -0.028504171 0.999500692 0.022658043 -0.022021074 -2.585387987
