https://www.youtube.com/watch?v=xS9TMfdI-0I
202769233 0.701750152 1.247555928 0.500000000 0.500000000 0.000000000 0.000000000 0.997640550 0.065948397 -0.019081704 -0.006969724 -0.064966738 0.996724665 0.048158396 0.131148379 0.022195175 -0.046805091 0.998657405 0.151524652
202802600 0.701750152 1.247555928 0.500000000 0.500000000 0.000000000 0.000000000 0.997643828 0.065888584 -0.019117568 -0.007530454 -0.064950936 0.996822953 0.046101861 0.134809639 0.022094416 -0.044751536 0.998753786 0.140351378
202835967 0.701750152 1.247555928 0.500000000 0.500000000 0.000000000 0.000000000 0.997695863 0.065039717 -0.019307239 -0.008067909 -0.064139277 0.996967137 0.044075225 0.138074776 0.022115324 -0.042735316 0.998841643 0.128751539
203436567 0.701750152 1.247555928 0.500000000 0.500000000 0.000000000 0.000000000 0.997518778 0.062639825 -0.032133400 -0.018281043 -0.061659038 0.997626364 0.030656254 0.213045447 0.033977430 -0.028598873 0.999013305 -0.132682008
204137267 0.701750152 1.247555928 0.500000000 0.500000000 0.000000000 0.000000000 0.997609258 0.059861120 -0.034532223 -0.045405356 -0.058296196 0.997299314 0.044672206 0.299830139 0.037113089 -0.042552307 0.998404682 -0.529829792
205338467 0.701750152 1.247555928 0.500000000 0.500000000 0.000000000 0.000000000 0.996836901 0.067886509 -0.041322883 -0.096591616 -0.066059813 0.996841848 0.044073593 0.487985389 0.044184379 -0.041204404 0.998173296 -1.332880380
205672133 0.701750152 1.247555928 0.500000000 0.500000000 0.000000000 0.000000000 0.996755302 0.069839649 -0.040016104 -0.113892720 -0.068186313 0.996817768 0.041291688 0.562097379 0.042772561 -0.038429160 0.998345494 -1.574422032
206039167 0.701750152 1.247555928 0.500000000 0.500000000 0.000000000 0.000000000 0.996542156 0.074806474 -0.036162648 -0.142883042 -0.073513277 0.996649384 0.035858676 0.658247209 0.038723942 -0.033076245 0.998702347 -1.840718668
206406200 0.701750152 1.247555928 0.500000000 0.500000000 0.000000000 0.000000000 0.995480657 0.091124110 -0.026734050 -0.183257527 -0.089749634 0.994770110 0.048758782 0.738752679 0.031037334 -0.046139054 0.998452723 -2.137912448
207006800 0.701750152 1.247555928 0.500000000 0.500000000 0.000000000 0.000000000 0.999079466 0.026193010 -0.033972215 -0.306176857 -0.024886001 0.998954773 0.038341314 0.923423669 0.034940980 -0.037460588 0.998687029 -2.615166126
