https://www.youtube.com/watch?v=I5vjbd0ra-A
125058267 0.500232148 0.889301551 0.500000000 0.500000000 0.000000000 0.000000000 0.999999821 0.000138399 0.000608085 0.157678713 -0.000138119 0.999999881 -0.000461203 -0.016946386 -0.000608149 0.000461119 0.999999702 0.035140784
125091633 0.500232148 0.889301551 0.500000000 0.500000000 0.000000000 0.000000000 0.999999762 0.000171124 0.000638589 0.161946579 -0.000170862 0.999999881 -0.000410740 -0.017675908 -0.000638659 0.000410630 0.999999702 0.034658975
125125000 0.500232148 0.889301551 0.500000000 0.500000000 0.000000000 0.000000000 0.999999881 0.000190390 0.000493376 0.166583785 -0.000190227 0.999999940 -0.000329682 -0.018472739 -0.000493439 0.000329588 0.999999821 0.034141781
125158367 0.500232148 0.889301551 0.500000000 0.500000000 0.000000000 0.000000000 0.999999821 0.000187514 0.000540560 0.170665495 -0.000187322 0.999999940 -0.000355393 -0.019049081 -0.000540627 0.000355292 0.999999762 0.033522635
125225100 0.500232148 0.889301551 0.500000000 0.500000000 0.000000000 0.000000000 0.999999821 0.000160523 0.000529537 0.178854274 -0.000160384 0.999999940 -0.000262250 -0.020547640 -0.000529579 0.000262165 0.999999821 0.031704349
125291833 0.500232148 0.889301551 0.500000000 0.500000000 0.000000000 0.000000000 0.999999940 0.000136504 0.000387298 0.186918784 -0.000136396 0.999999940 -0.000279739 -0.021837971 -0.000387336 0.000279686 0.999999881 0.029613635
125325200 0.500232148 0.889301551 0.500000000 0.500000000 0.000000000 0.000000000 0.999999940 0.000138572 0.000323500 0.190863050 -0.000138484 0.999999940 -0.000273370 -0.022514039 -0.000323538 0.000273325 0.999999881 0.028411649
125458667 0.500232148 0.889301551 0.500000000 0.500000000 0.000000000 0.000000000 0.999999940 0.000113566 0.000249480 0.205507472 -0.000113457 0.999999881 -0.000438528 -0.024975189 -0.000249530 0.000438499 0.999999881 0.022570942
125492033 0.500232148 0.889301551 0.500000000 0.500000000 0.000000000 0.000000000 0.999999940 0.000140347 0.000208686 0.208982083 -0.000140232 0.999999821 -0.000550787 -0.025444545 -0.000208763 0.000550758 0.999999821 0.020956815
125558767 0.500232148 0.889301551 0.500000000 0.500000000 0.000000000 0.000000000 1.000000000 0.000125611 0.000125340 0.215266027 -0.000125546 0.999999881 -0.000516331 -0.026667766 -0.000125405 0.000516315 0.999999881 0.017672288
