https://www.youtube.com/watch?v=FaP4bHn0unk
86252833 0.489594271 0.870389788 0.500000000 0.500000000 0.000000000 0.000000000 0.999957919 -0.005219870 0.007541905 0.091766108 0.005200290 0.999983072 0.002613464 0.064908260 -0.007555419 -0.002574134 0.999968171 -0.134921732
86553133 0.489594271 0.870389788 0.500000000 0.500000000 0.000000000 0.000000000 0.999960005 -0.005605198 0.006965060 0.088342878 0.005618536 0.999982417 -0.001896932 0.128834870 -0.006954305 0.001935989 0.999973953 -0.227188596
86619867 0.489594271 0.870389788 0.500000000 0.500000000 0.000000000 0.000000000 0.999958992 -0.006039066 0.006750248 0.087993041 0.006056211 0.999978483 -0.002522336 0.141733751 -0.006734871 0.002563113 0.999974012 -0.248546768
86719967 0.489594271 0.870389788 0.500000000 0.500000000 0.000000000 0.000000000 0.999951363 -0.007312128 0.006616773 0.086342615 0.007331461 0.999968886 -0.002902237 0.159728600 -0.006595345 0.002950607 0.999973893 -0.282063339
86886800 0.489594271 0.870389788 0.500000000 0.500000000 0.000000000 0.000000000 0.999942362 -0.008592740 0.006435870 0.083995499 0.008626078 0.999949455 -0.005170421 0.195113230 -0.006391116 0.005225639 0.999965906 -0.336259574
87287200 0.489594271 0.870389788 0.500000000 0.500000000 0.000000000 0.000000000 0.999920249 -0.010800520 0.006546003 0.077651142 0.010874614 0.999875963 -0.011391125 0.282151076 -0.006422162 0.011461401 0.999913692 -0.471102555
87320567 0.489594271 0.870389788 0.500000000 0.500000000 0.000000000 0.000000000 0.999917269 -0.011021705 0.006633789 0.076880889 0.011098526 0.999870479 -0.011657037 0.288409519 -0.006504449 0.011729697 0.999910057 -0.480899863
87487400 0.489594271 0.870389788 0.500000000 0.500000000 0.000000000 0.000000000 0.999904394 -0.012688310 0.005500020 0.080159691 0.012761347 0.999828041 -0.013454231 0.322056657 -0.005328363 0.013523132 0.999894381 -0.539445335
87787700 0.489594271 0.870389788 0.500000000 0.500000000 0.000000000 0.000000000 0.999857903 -0.015921205 0.005538355 0.079525809 0.016010290 0.999736786 -0.016430972 0.382101825 -0.005275297 0.016517308 0.999849677 -0.645884463
87987900 0.489594271 0.870389788 0.500000000 0.500000000 0.000000000 0.000000000 0.999820232 -0.018229565 0.005217034 0.081424435 0.018324211 0.999657035 -0.018708711 0.423347839 -0.004874193 0.018800946 0.999811351 -0.717980651
