https://www.youtube.com/watch?v=MAn6U6NGDos
54421033 0.470278306 0.836050346 0.500000000 0.500000000 0.000000000 0.000000000 0.574639380 -0.174789473 0.799523711 -2.010344400 0.108214937 0.984577060 0.137468264 0.541439994 -0.811220765 0.007525730 0.584691584 -5.878653371
54454400 0.470278306 0.836050346 0.500000000 0.500000000 0.000000000 0.000000000 0.576472461 -0.174848050 0.798190236 -1.996215020 0.108122841 0.984570622 0.137586758 0.544062205 -0.809931457 0.006987613 0.586482942 -5.903331545
54854800 0.470278306 0.836050346 0.500000000 0.500000000 0.000000000 0.000000000 0.592742741 -0.171366736 0.786949515 -1.892969174 0.106254488 0.985199630 0.134505302 0.592080438 -0.798352063 0.003889883 0.602178395 -6.173971276
54888167 0.470278306 0.836050346 0.500000000 0.500000000 0.000000000 0.000000000 0.593575537 -0.170948014 0.786412656 -1.890577841 0.105904706 0.985273480 0.134240076 0.594774118 -0.797779560 0.003603166 0.602938473 -6.194571991
55355300 0.470278306 0.836050346 0.500000000 0.500000000 0.000000000 0.000000000 0.599995136 -0.169807300 0.781774461 -1.910176819 0.105743214 0.985472918 0.132896498 0.644683845 -0.792984366 0.002930090 0.609234929 -6.466565082
55655600 0.470278306 0.836050346 0.500000000 0.500000000 0.000000000 0.000000000 0.599772632 -0.170779467 0.781733453 -1.960607886 0.106836811 0.985302806 0.133282885 0.672072333 -0.793006122 0.003578479 0.609203160 -6.624738290
56623233 0.470278306 0.836050346 0.500000000 0.500000000 0.000000000 0.000000000 0.565312505 -0.183422908 0.804224968 -2.469969215 0.121196643 0.982852221 0.138970613 0.788529524 -0.815924704 0.018907543 0.577848911 -7.004287154
57023633 0.470278306 0.836050346 0.500000000 0.500000000 0.000000000 0.000000000 0.526163876 -0.191930592 0.828440845 -2.934539918 0.128206447 0.980965734 0.145839915 0.812352067 -0.840663254 0.029475767 0.540755510 -7.048810912
57690967 0.470278306 0.836050346 0.500000000 0.500000000 0.000000000 0.000000000 0.443781406 -0.207936540 0.871676803 -3.777133565 0.135441095 0.977096319 0.164129406 0.768243367 -0.885840714 0.045223277 0.461780339 -7.014238749
57757700 0.470278306 0.836050346 0.500000000 0.500000000 0.000000000 0.000000000 0.434252292 -0.209069028 0.876193523 -3.867539285 0.135700136 0.976775825 0.165814370 0.762186312 -0.890511334 0.046894308 0.452537864 -7.000395887
