https://www.youtube.com/watch?v=ejoqh_d2zM8
281281000 0.500117459 0.889097778 0.500000000 0.500000000 0.000000000 0.000000000 0.999991238 0.003860303 0.001615871 -0.060984503 -0.003867319 0.999983013 0.004361882 -0.004815980 -0.001599006 -0.004368093 0.999989152 0.004016760
281364422 0.500117459 0.889097778 0.500000000 0.500000000 0.000000000 0.000000000 0.999989450 0.004195664 0.001876694 -0.065349994 -0.004204227 0.999980688 0.004582215 -0.004997360 -0.001857432 -0.004590057 0.999987721 0.004464360
281489544 0.500117459 0.889097778 0.500000000 0.500000000 0.000000000 0.000000000 0.999986708 0.004703939 0.002104943 -0.071920364 -0.004713963 0.999977469 0.004782641 -0.005341757 -0.002082398 -0.004792500 0.999986351 0.004561739
281572956 0.500117459 0.889097778 0.500000000 0.500000000 0.000000000 0.000000000 0.999982357 0.005415047 0.002445403 -0.076466759 -0.005426652 0.999973953 0.004764286 -0.005191303 -0.002419541 -0.004777472 0.999985635 0.004848925
281698089 0.500117459 0.889097778 0.500000000 0.500000000 0.000000000 0.000000000 0.999978125 0.005900310 0.002990364 -0.083177055 -0.005916036 0.999968588 0.005277802 -0.005999975 -0.002959129 -0.005295378 0.999981582 0.004970442
281781500 0.500117459 0.889097778 0.500000000 0.500000000 0.000000000 0.000000000 0.999974847 0.006345294 0.003177227 -0.086814596 -0.006362200 0.999965489 0.005339382 -0.006031737 -0.003143237 -0.005359462 0.999980688 0.005284721
281823211 0.500117459 0.889097778 0.500000000 0.500000000 0.000000000 0.000000000 0.999974370 0.006371965 0.003270053 -0.088596974 -0.006389409 0.999965250 0.005351959 -0.005988327 -0.003235837 -0.005372716 0.999980330 0.005394840
281864922 0.500117459 0.889097778 0.500000000 0.500000000 0.000000000 0.000000000 0.999973178 0.006580428 0.003217710 -0.090208567 -0.006598643 0.999962091 0.005683490 -0.006434794 -0.003180188 -0.005704570 0.999978662 0.005561833
282073456 0.500117459 0.889097778 0.500000000 0.500000000 0.000000000 0.000000000 0.999968886 0.006929342 0.003777319 -0.099295818 -0.006950731 0.999959707 0.005679062 -0.006427736 -0.003737814 -0.005705140 0.999976754 0.005865917
282198589 0.500117459 0.889097778 0.500000000 0.500000000 0.000000000 0.000000000 0.999962211 0.007587088 0.004250995 -0.105275525 -0.007612863 0.999952555 0.006080227 -0.007024685 -0.004204662 -0.006112359 0.999972463 0.006341447
