https://www.youtube.com/watch?v=5iH5BwWPmJ4
115949167 0.499690237 0.888338184 0.500000000 0.500000000 0.000000000 0.000000000 0.999906182 0.001835554 0.013574714 -0.002978707 -0.001793137 0.999993503 -0.003136214 -0.027346219 -0.013580382 0.003111578 0.999902964 -0.454575979
116116000 0.499690237 0.888338184 0.500000000 0.500000000 0.000000000 0.000000000 0.999883235 0.001848402 0.015167789 -0.003101591 -0.001795125 0.999992192 -0.003525330 -0.030779601 -0.015174186 0.003497690 0.999878764 -0.503250067
116282833 0.499690237 0.888338184 0.500000000 0.500000000 0.000000000 0.000000000 0.999858379 0.001873268 0.016723089 -0.001747344 -0.001816966 0.999992609 -0.003381288 -0.031985777 -0.016729301 0.003350424 0.999854445 -0.551929959
117150367 0.499690237 0.888338184 0.500000000 0.500000000 0.000000000 0.000000000 0.999585450 0.002441008 0.028686579 -0.001845784 -0.002348306 0.999991894 -0.003264782 -0.033339829 -0.028694317 0.003196064 0.999583125 -0.773020169
117951167 0.499690237 0.888338184 0.500000000 0.500000000 0.000000000 0.000000000 0.999140918 0.002542051 0.041363586 0.006713816 -0.002470397 0.999995351 -0.001783312 -0.044396641 -0.041367929 0.001679596 0.999142587 -0.945511175
118051267 0.499690237 0.888338184 0.500000000 0.500000000 0.000000000 0.000000000 0.999069452 0.002619581 0.043050606 0.007185120 -0.002556698 0.999995589 -0.001515656 -0.046628938 -0.043054387 0.001404178 0.999071717 -0.966668567
119252467 0.499690237 0.888338184 0.500000000 0.500000000 0.000000000 0.000000000 0.997903883 0.002338554 0.064671330 0.003164659 -0.002352343 0.999997199 0.000137068 -0.066356914 -0.064670831 -0.000288910 0.997906625 -1.207174833
119352567 0.499690237 0.888338184 0.500000000 0.500000000 0.000000000 0.000000000 0.997783303 0.002486103 0.066500314 0.002617428 -0.002498613 0.999996901 0.000104952 -0.067579507 -0.066499844 -0.000270878 0.997786403 -1.224505012
119719600 0.499690237 0.888338184 0.500000000 0.500000000 0.000000000 0.000000000 0.997307897 0.002577341 0.073282272 0.001616025 -0.002606896 0.999996543 0.000307653 -0.069692418 -0.073281229 -0.000497864 0.997311175 -1.290241508
120420300 0.499690237 0.888338184 0.500000000 0.500000000 0.000000000 0.000000000 0.996595860 0.002116808 0.082414985 0.014079156 -0.002138084 0.999997675 0.000169906 -0.068076738 -0.082414433 -0.000345538 0.996598065 -1.415178508
