https://www.youtube.com/watch?v=n0OjWEVpRV8
116817000 0.682111267 1.212642349 0.500000000 0.500000000 0.000000000 0.000000000 0.916817129 0.318779647 0.240470216 0.471148762 -0.294068485 0.946420968 -0.133458242 -0.456818944 -0.270129830 0.051642086 0.961438000 0.050610416
116950000 0.682111267 1.212642349 0.500000000 0.500000000 0.000000000 0.000000000 0.911300838 0.327452302 0.249611348 0.484146720 -0.296328872 0.942497909 -0.154553741 -0.488066337 -0.285867155 0.066877894 0.955932677 0.037235504
117050000 0.682111267 1.212642349 0.500000000 0.500000000 0.000000000 0.000000000 0.907411754 0.334662944 0.254174411 0.488831250 -0.298051327 0.938896418 -0.172159538 -0.512407683 -0.296258867 0.080462553 0.951712370 0.026785640
117818000 0.682111267 1.212642349 0.500000000 0.500000000 0.000000000 0.000000000 0.890794814 0.361923397 0.274765462 0.504531390 -0.264720261 0.904793739 -0.333573878 -0.701906616 -0.369334251 0.224409893 0.901794016 -0.088586211
117851000 0.682111267 1.212642349 0.500000000 0.500000000 0.000000000 0.000000000 0.890609443 0.361565679 0.275835276 0.505140911 -0.261313319 0.903278530 -0.340298712 -0.708935886 -0.372196436 0.230993822 0.898950338 -0.094667286
117985000 0.682111267 1.212642349 0.500000000 0.500000000 0.000000000 0.000000000 0.889972270 0.361578196 0.277867973 0.507948671 -0.249913245 0.896416783 -0.366033196 -0.736232813 -0.381435126 0.256316513 0.888149261 -0.117391178
118018000 0.682111267 1.212642349 0.500000000 0.500000000 0.000000000 0.000000000 0.889815152 0.361702740 0.278208673 0.508822884 -0.247369811 0.894668639 -0.371989489 -0.742470768 -0.383454204 0.262181461 0.885564089 -0.122719972
118118000 0.682111267 1.212642349 0.500000000 0.500000000 0.000000000 0.000000000 0.888943434 0.364425242 0.277441531 0.506989160 -0.242771164 0.888553023 -0.389275908 -0.761657573 -0.388383478 0.278689444 0.878345311 -0.137224165
118218000 0.682111267 1.212642349 0.500000000 0.500000000 0.000000000 0.000000000 0.889121652 0.365416795 0.275559962 0.507284201 -0.236497402 0.882309735 -0.406938016 -0.777979869 -0.391831189 0.296648175 0.870900810 -0.151660772
118385000 0.682111267 1.212642349 0.500000000 0.500000000 0.000000000 0.000000000 0.889726877 0.364283800 0.275106102 0.505198430 -0.223651052 0.873222589 -0.432969362 -0.804074527 -0.397952616 0.323696703 0.858402073 -0.175127782
