https://www.youtube.com/watch?v=cQcPYfYZGHk
128250000 0.499747862 0.888440726 0.500000000 0.500000000 0.000000000 0.000000000 0.997915626 0.036029782 -0.053537529 -0.218370558 -0.036207527 0.999341547 -0.002353518 -0.046826129 0.053417478 0.004287074 0.998563051 0.131174629
128291667 0.499747862 0.888440726 0.500000000 0.500000000 0.000000000 0.000000000 0.997789621 0.036028527 -0.055837829 -0.221963191 -0.036207642 0.999341846 -0.002199116 -0.046914081 0.055721849 0.004216011 0.998437405 0.131366658
128625000 0.499747862 0.888440726 0.500000000 0.500000000 0.000000000 0.000000000 0.996529102 0.038484152 -0.073815830 -0.252199020 -0.038755115 0.999246240 -0.002241465 -0.046279244 0.073673926 0.005094426 0.997269392 0.133262914
128666667 0.499747862 0.888440726 0.500000000 0.500000000 0.000000000 0.000000000 0.996355355 0.038681842 -0.076024681 -0.256121455 -0.038962174 0.999238253 -0.002207126 -0.046652037 0.075881392 0.005161169 0.997103512 0.133665899
128958333 0.499747862 0.888440726 0.500000000 0.500000000 0.000000000 0.000000000 0.994962394 0.040749997 -0.091593020 -0.284111423 -0.041107927 0.999152660 -0.002023872 -0.047190947 0.091432936 0.005778875 0.995794475 0.135644251
129125000 0.499747862 0.888440726 0.500000000 0.500000000 0.000000000 0.000000000 0.994008660 0.041840009 -0.100976251 -0.300651241 -0.042256735 0.999104798 -0.001990631 -0.047560348 0.100802571 0.006245632 0.994886816 0.137473299
129333333 0.499747862 0.888440726 0.500000000 0.500000000 0.000000000 0.000000000 0.992545784 0.043451440 -0.113863006 -0.320454172 -0.043942817 0.999032438 -0.001807960 -0.047726637 0.113674276 0.006797944 0.993494809 0.137425275
129375000 0.499747862 0.888440726 0.500000000 0.500000000 0.000000000 0.000000000 0.992254078 0.043587767 -0.116326720 -0.324231167 -0.044084311 0.999026358 -0.001697890 -0.047106622 0.116139449 0.006812921 0.993209541 0.137158548
129416667 0.499747862 0.888440726 0.500000000 0.500000000 0.000000000 0.000000000 0.991933584 0.043740891 -0.118972555 -0.327646526 -0.044243056 0.999019563 -0.001581619 -0.047704834 0.118786722 0.006832571 0.992896259 0.136775589
129458333 0.499747862 0.888440726 0.500000000 0.500000000 0.000000000 0.000000000 0.991635621 0.043838959 -0.121395938 -0.332105709 -0.044355877 0.999014556 -0.001557761 -0.047515268 0.121208020 0.006929355 0.992602944 0.137464919
