https://www.youtube.com/watch?v=PXPTwZ1rJCQ
100601000 0.502420605 0.893192225 0.500000000 0.500000000 0.000000000 0.000000000 0.999921739 0.008118764 0.009517735 0.280056146 -0.008118118 0.999967039 -0.000106625 0.014071645 -0.009518286 0.000029350 0.999954700 -0.633161230
102136000 0.502420605 0.893192225 0.500000000 0.500000000 0.000000000 0.000000000 0.999092877 0.013498744 0.040388260 0.186518098 -0.013530191 0.999908328 0.000505373 0.041008158 -0.040377736 -0.001051376 0.999183953 -1.847407036
102870000 0.502420605 0.893192225 0.500000000 0.500000000 0.000000000 0.000000000 0.986716092 0.001781988 0.162444443 -0.213094665 -0.001960030 0.999997616 0.000935761 0.172191388 -0.162442386 -0.001241726 0.986717224 -2.522582344
104371000 0.502420605 0.893192225 0.500000000 0.500000000 0.000000000 0.000000000 0.915914476 -0.025842192 0.400540650 -0.889136137 0.019891959 0.999621451 0.019006999 0.321732502 -0.400880218 -0.009441247 0.916081846 -3.756880118
105539000 0.502420605 0.893192225 0.500000000 0.500000000 0.000000000 0.000000000 0.760572195 -0.051394947 0.647215962 -1.798164861 -0.013955412 0.995337486 0.095438644 -0.019580710 -0.649103403 -0.081620142 0.756308734 -4.418615842
106140000 0.502420605 0.893192225 0.500000000 0.500000000 0.000000000 0.000000000 0.561622620 -0.066797167 0.824692786 -2.973096781 -0.058123074 0.991088331 0.119856909 -0.218987213 -0.825349450 -0.115248032 0.552735150 -4.277119290
107073000 0.502420605 0.893192225 0.500000000 0.500000000 0.000000000 0.000000000 0.210714251 -0.086755089 0.973690450 -4.410799466 -0.127350330 0.985129416 0.115333907 -0.411988409 -0.969216883 -0.148302302 0.196532518 -3.574245867
107273000 0.502420605 0.893192225 0.500000000 0.500000000 0.000000000 0.000000000 0.138989538 -0.088253528 0.986353517 -4.648113680 -0.136654109 0.984782994 0.107369281 -0.408419934 -0.980819821 -0.149712458 0.124814324 -3.398167031
107374000 0.502420605 0.893192225 0.500000000 0.500000000 0.000000000 0.000000000 0.100892261 -0.088951804 0.990912855 -4.774319643 -0.142053857 0.984502256 0.102839902 -0.403937541 -0.984703720 -0.151138753 0.086692713 -3.296018241
108441000 0.502420605 0.893192225 0.500000000 0.500000000 0.000000000 0.000000000 -0.184326649 -0.094294004 0.978331387 -5.397360795 -0.205693632 0.977046192 0.055415552 -0.406879672 -0.961100340 -0.191021979 -0.199491337 -2.496053085
