https://www.youtube.com/watch?v=TwNzWY-4zq4
219953000 0.485036597 0.862287277 0.500000000 0.500000000 0.000000000 0.000000000 0.977376044 0.011413768 -0.211200759 0.085458693 -0.010060012 0.999921381 0.007483187 0.000987702 0.211269557 -0.005189205 0.977414072 -0.364038005
220153000 0.485036597 0.862287277 0.500000000 0.500000000 0.000000000 0.000000000 0.970274210 0.012986702 -0.241659433 0.109438984 -0.011356190 0.999902368 0.008138793 -0.000019129 0.241741538 -0.005152531 0.970327020 -0.420972561
220987000 0.485036597 0.862287277 0.500000000 0.500000000 0.000000000 0.000000000 0.943378627 0.016506273 -0.331306964 0.204421036 -0.014077920 0.999853551 0.009728285 0.015350357 0.331419021 -0.004513343 0.943472862 -0.673638447
221054000 0.485036597 0.862287277 0.500000000 0.500000000 0.000000000 0.000000000 0.941224754 0.016436314 -0.337380737 0.214822159 -0.014015963 0.999855578 0.009608638 0.015034864 0.337489933 -0.004315172 0.941319227 -0.694964216
221855000 0.485036597 0.862287277 0.500000000 0.500000000 0.000000000 0.000000000 0.914390683 0.018182214 -0.404424399 0.343520357 -0.015352597 0.999829710 0.010238865 0.016801086 0.404541701 -0.003153358 0.914514124 -0.924108849
222021000 0.485036597 0.862287277 0.500000000 0.500000000 0.000000000 0.000000000 0.909158349 0.018387146 -0.416044444 0.367135291 -0.015641714 0.999827564 0.010006578 0.016990945 0.416156709 -0.002589916 0.909289241 -0.973213579
222155000 0.485036597 0.862287277 0.500000000 0.500000000 0.000000000 0.000000000 0.905243516 0.018687783 -0.424481928 0.385675100 -0.016014146 0.999823093 0.009865616 0.019308521 0.424591213 -0.002133069 0.905382633 -1.011899931
223590000 0.485036597 0.862287277 0.500000000 0.500000000 0.000000000 0.000000000 0.856086016 0.019965686 -0.516447604 0.625514514 -0.016539888 0.999800086 0.011234687 0.021631962 0.516568661 -0.001075873 0.856245100 -1.323668411
223623000 0.485036597 0.862287277 0.500000000 0.500000000 0.000000000 0.000000000 0.854554415 0.020079443 -0.518973589 0.631890612 -0.016716976 0.999798000 0.011156295 0.021069294 0.519092739 -0.000857993 0.854717493 -1.331274395
223790000 0.485036597 0.862287277 0.500000000 0.500000000 0.000000000 0.000000000 0.846628010 0.020376047 -0.531794965 0.666367085 -0.017250068 0.999792397 0.010845207 0.021349375 0.531905532 -0.000008356 0.846803725 -1.368908877
