https://www.youtube.com/watch?v=CXyTf3GGinY
125125000 0.496992368 0.883542074 0.500000000 0.500000000 0.000000000 0.000000000 0.999857783 -0.001433725 0.016803013 -0.045585560 0.001416126 0.999998450 0.001059257 0.001870814 -0.016804505 -0.001035311 0.999858260 -0.258914831
125225100 0.496992368 0.883542074 0.500000000 0.500000000 0.000000000 0.000000000 0.999766886 -0.001730084 0.021522086 -0.054320741 0.001706569 0.999997914 0.001110949 0.002078991 -0.021523964 -0.001073961 0.999767780 -0.291783667
125925800 0.496992368 0.883542074 0.500000000 0.500000000 0.000000000 0.000000000 0.995472789 -0.009969132 0.094522662 -0.130491180 0.009711785 0.999947786 0.003182227 -0.001963724 -0.094549447 -0.002249837 0.995517612 -0.459916482
126826700 0.496992368 0.883542074 0.500000000 0.500000000 0.000000000 0.000000000 0.968297899 -0.022939455 0.248742774 -0.276343646 0.022856550 0.999733567 0.003221774 0.011535400 -0.248750404 0.002565764 0.968564212 -0.633531054
126893433 0.496992368 0.883542074 0.500000000 0.500000000 0.000000000 0.000000000 0.964763284 -0.024029832 0.262019783 -0.292428559 0.024001073 0.999706447 0.003310528 0.011968966 -0.262022436 0.003094880 0.965056837 -0.643871613
126960167 0.496992368 0.883542074 0.500000000 0.500000000 0.000000000 0.000000000 0.960786700 -0.025244165 0.276137054 -0.309661697 0.025333500 0.999673784 0.003244195 0.012344535 -0.276128858 0.003878538 0.961112797 -0.654179329
127160367 0.496992368 0.883542074 0.500000000 0.500000000 0.000000000 0.000000000 0.946565807 -0.029507099 0.321158111 -0.366505259 0.030002201 0.999544024 0.003408249 0.009636270 -0.321112245 0.006409318 0.947019458 -0.680211397
127427300 0.496992368 0.883542074 0.500000000 0.500000000 0.000000000 0.000000000 0.923009515 -0.034422532 0.383234322 -0.446612979 0.035726070 0.999354720 0.003717873 0.005911132 -0.383114994 0.010259823 0.923643649 -0.699114287
128294833 0.496992368 0.883542074 0.500000000 0.500000000 0.000000000 0.000000000 0.825065732 -0.048533861 0.562948525 -0.686091938 0.052627653 0.998574018 0.008958862 -0.011896967 -0.562580585 0.022235010 0.826443434 -0.723729318
128495033 0.496992368 0.883542074 0.500000000 0.500000000 0.000000000 0.000000000 0.798313975 -0.051517591 0.600033939 -0.734509819 0.056673616 0.998339474 0.010313926 -0.012730472 -0.599568963 0.025772341 0.799908042 -0.723903432
