https://www.youtube.com/watch?v=i5-5u41ziZI
81815067 0.449296615 0.798749481 0.500000000 0.500000000 0.000000000 0.000000000 0.986065686 -0.012074858 0.165917754 -0.222611594 0.009560296 0.999827147 0.015945802 0.051994974 -0.166081622 -0.014137384 0.986010671 -1.067684038
81881800 0.449296615 0.798749481 0.500000000 0.500000000 0.000000000 0.000000000 0.985104859 -0.012146022 0.171525225 -0.232446456 0.009758210 0.999843478 0.014757369 0.053401764 -0.171677619 -0.012863777 0.985069215 -1.093478238
81948533 0.449296615 0.798749481 0.500000000 0.500000000 0.000000000 0.000000000 0.984109461 -0.012542468 0.177119374 -0.242526786 0.010245025 0.999851167 0.013879764 0.053941990 -0.177267104 -0.011844615 0.984091520 -1.118825624
82148733 0.449296615 0.798749481 0.500000000 0.500000000 0.000000000 0.000000000 0.980733573 -0.013934148 0.194852397 -0.280541013 0.011804868 0.999857306 0.012084687 0.057745227 -0.194992989 -0.009551652 0.980758131 -1.196915924
82182100 0.449296615 0.798749481 0.500000000 0.500000000 0.000000000 0.000000000 0.980142891 -0.014135674 0.197788090 -0.287289158 0.012033032 0.999857605 0.011828671 0.058881322 -0.197927147 -0.009213797 0.980173409 -1.209279032
82315567 0.449296615 0.798749481 0.500000000 0.500000000 0.000000000 0.000000000 0.977413118 -0.014960711 0.210807338 -0.318598825 0.013011830 0.999858856 0.010628977 0.064287545 -0.210936606 -0.007645912 0.977469862 -1.257328304
82515767 0.449296615 0.798749481 0.500000000 0.500000000 0.000000000 0.000000000 0.972967923 -0.016714543 0.230334610 -0.366456291 0.014553305 0.999832690 0.011078877 0.067205321 -0.230481267 -0.007427263 0.973048389 -1.324070283
82649233 0.449296615 0.798749481 0.500000000 0.500000000 0.000000000 0.000000000 0.969844997 -0.017218569 0.243113518 -0.397548352 0.015498724 0.999839485 0.008985288 0.070423301 -0.243229225 -0.004946388 0.969956219 -1.366746071
82782700 0.449296615 0.798749481 0.500000000 0.500000000 0.000000000 0.000000000 0.966278076 -0.017120192 0.256931126 -0.430385660 0.015860343 0.999849916 0.006975098 0.071566903 -0.257011980 -0.002664868 0.966404557 -1.411756853
82982900 0.449296615 0.798749481 0.500000000 0.500000000 0.000000000 0.000000000 0.960720479 -0.018106278 0.276926488 -0.481385374 0.017365022 0.999836087 0.005129075 0.071349645 -0.276973963 -0.000118772 0.960877419 -1.482503066
