https://www.youtube.com/watch?v=asD4mElW-ko
66133000 0.610246319 1.084882380 0.500000000 0.500000000 0.000000000 0.000000000 0.999977827 -0.001759265 -0.006422841 -0.216787435 0.001774370 0.999995649 0.002346855 0.053254952 0.006418684 -0.002358199 0.999976635 0.019627315
66466000 0.610246319 1.084882380 0.500000000 0.500000000 0.000000000 0.000000000 0.999985933 -0.002666474 -0.004578853 -0.282420111 0.002675995 0.999994278 0.002074391 0.067638897 0.004573296 -0.002086615 0.999987364 -0.008913061
66600000 0.610246319 1.084882380 0.500000000 0.500000000 0.000000000 0.000000000 0.999987185 -0.002812589 -0.004204768 -0.309467696 0.002820596 0.999994218 0.001899615 0.074041476 0.004199401 -0.001911451 0.999989331 -0.020222027
67067000 0.610246319 1.084882380 0.500000000 0.500000000 0.000000000 0.000000000 0.999988675 -0.004148555 -0.002338315 -0.406439895 0.004152023 0.999990284 0.001480461 0.096158907 0.002332150 -0.001490153 0.999996185 -0.062191860
67968000 0.610246319 1.084882380 0.500000000 0.500000000 0.000000000 0.000000000 0.999982655 -0.005597680 0.001830533 -0.603877732 0.005596644 0.999984205 0.000570616 0.141984937 -0.001833698 -0.000560362 0.999998152 -0.147138980
68201000 0.610246319 1.084882380 0.500000000 0.500000000 0.000000000 0.000000000 0.999974132 -0.006079889 0.003843084 -0.657058312 0.006079443 0.999981523 0.000127862 0.154749335 -0.003843790 -0.000104495 0.999992609 -0.169089394
69069000 0.610246319 1.084882380 0.500000000 0.500000000 0.000000000 0.000000000 0.999033868 -0.017470704 0.040324640 -0.869912864 0.017493544 0.999846935 -0.000213610 0.195244884 -0.040314738 0.000918825 0.999186635 -0.223367714
69936000 0.610246319 1.084882380 0.500000000 0.500000000 0.000000000 0.000000000 0.995917797 -0.030487647 0.084959932 -1.096969895 0.030598596 0.999531746 -0.000003728 0.233288792 -0.084920034 0.002603367 0.996384382 -0.255923402
70103000 0.610246319 1.084882380 0.500000000 0.500000000 0.000000000 0.000000000 0.995023251 -0.033541169 0.093828224 -1.141585358 0.033671878 0.999432921 0.000190230 0.239394828 -0.093781389 0.002970089 0.995588362 -0.260448357
70303000 0.610246319 1.084882380 0.500000000 0.500000000 0.000000000 0.000000000 0.993805945 -0.037011672 0.104785189 -1.195187653 0.037183959 0.999308407 0.000309540 0.246785261 -0.104724176 0.003588705 0.994494855 -0.264831851
