https://www.youtube.com/watch?v=8DqWEqvDT14
115548767 0.523208103 0.930147675 0.500000000 0.500000000 0.000000000 0.000000000 0.952925742 -0.017236214 0.302713484 0.187388829 0.013663000 0.999809802 0.013917817 0.000471309 -0.302895814 -0.009126672 0.952979982 -0.499821736
115815700 0.523208103 0.930147675 0.500000000 0.500000000 0.000000000 0.000000000 0.940022945 -0.018294884 0.340620250 0.194436508 0.014265266 0.999795556 0.014331108 0.000713341 -0.340812773 -0.008612532 0.940091729 -0.598183921
116516400 0.523208103 0.930147675 0.500000000 0.500000000 0.000000000 0.000000000 0.903833032 -0.011137480 0.427740395 0.192752517 0.008051149 0.999926865 0.009023632 0.004298703 -0.427809626 -0.004712055 0.903856575 -0.895947542
116850067 0.523208103 0.930147675 0.500000000 0.500000000 0.000000000 0.000000000 0.887011766 -0.007636339 0.461683631 0.186553779 0.005895128 0.999969006 0.005213644 0.008204705 -0.461709142 -0.001902880 0.887029350 -1.040468875
117517400 0.523208103 0.930147675 0.500000000 0.500000000 0.000000000 0.000000000 0.854595482 0.000560528 0.519293964 0.142168213 0.000756588 0.999997020 -0.002324508 0.013306696 -0.519293725 0.002379406 0.854592502 -1.328141494
118318200 0.523208103 0.930147675 0.500000000 0.500000000 0.000000000 0.000000000 0.819751680 -0.003659931 0.572707474 0.057792389 0.009037578 0.999937713 -0.006545865 0.036369813 -0.572647810 0.010541871 0.819733679 -1.642760962
118685233 0.523208103 0.930147675 0.500000000 0.500000000 0.000000000 0.000000000 0.801224470 -0.008751003 0.598299921 -0.008235966 0.014696002 0.999879241 -0.005055741 0.044757257 -0.598183453 0.012843400 0.801256299 -1.768605710
119152367 0.523208103 0.930147675 0.500000000 0.500000000 0.000000000 0.000000000 0.775579393 -0.020481076 0.630917668 -0.106512627 0.025783455 0.999667287 0.000756269 0.051754643 -0.630723238 0.015680691 0.775849402 -1.904537338
119486033 0.523208103 0.930147675 0.500000000 0.500000000 0.000000000 0.000000000 0.757540941 -0.027539613 0.652206481 -0.185118496 0.032104645 0.999472439 0.004913322 0.054733651 -0.651997685 0.017216815 0.758025467 -2.016639493
119619500 0.523208103 0.930147675 0.500000000 0.500000000 0.000000000 0.000000000 0.749327719 -0.029421255 0.661545396 -0.223021550 0.033937320 0.999405921 0.006006544 0.055563054 -0.661329150 0.017950209 0.749881029 -2.060726486
