https://www.youtube.com/watch?v=_QoIueyL4p0
80947533 0.503279831 0.894308486 0.500000000 0.500000000 0.000000000 0.000000000 0.999991775 -0.002731843 0.003001440 -0.008036237 0.002688369 0.999892771 0.014394379 0.099414012 -0.003040442 -0.014386191 0.999891877 0.290513324
80980900 0.503279831 0.894308486 0.500000000 0.500000000 0.000000000 0.000000000 0.999991775 -0.002799038 0.002937829 -0.007526083 0.002755890 0.999889791 0.014589653 0.105376709 -0.002978342 -0.014581437 0.999889255 0.296332993
81981900 0.503279831 0.894308486 0.500000000 0.500000000 0.000000000 0.000000000 0.999987841 -0.004831247 0.000959890 0.007640875 0.004821092 0.999935210 0.010313269 0.283600669 -0.001009653 -0.010308516 0.999946356 0.475835732
82115367 0.503279831 0.894308486 0.500000000 0.500000000 0.000000000 0.000000000 0.999985993 -0.005083138 0.001466999 0.008653753 0.005067034 0.999929070 0.010779972 0.304803369 -0.001521691 -0.010772388 0.999940813 0.498770302
82215467 0.503279831 0.894308486 0.500000000 0.500000000 0.000000000 0.000000000 0.999986410 -0.005035540 0.001344006 0.010123461 0.005020495 0.999927223 0.010972157 0.320723331 -0.001399159 -0.010965261 0.999938905 0.516819541
82649233 0.503279831 0.894308486 0.500000000 0.500000000 0.000000000 0.000000000 0.999988616 -0.004601881 0.001238142 0.015892191 0.004587000 0.999920249 0.011764703 0.389954581 -0.001292183 -0.011758890 0.999930024 0.593141397
82749333 0.503279831 0.894308486 0.500000000 0.500000000 0.000000000 0.000000000 0.999988317 -0.004694261 0.001157276 0.016770880 0.004679768 0.999914348 0.012223386 0.405837533 -0.001214557 -0.012217827 0.999924600 0.610189553
83349933 0.503279831 0.894308486 0.500000000 0.500000000 0.000000000 0.000000000 0.999989629 -0.004086454 0.002015709 0.016960218 0.004059260 0.999903083 0.013315847 0.508259716 -0.002069928 -0.013307526 0.999909282 0.714990637
83483400 0.503279831 0.894308486 0.500000000 0.500000000 0.000000000 0.000000000 0.999990284 -0.003889632 0.002070497 0.016258278 0.003860027 0.999892890 0.014115777 0.531792269 -0.002125180 -0.014107647 0.999898195 0.737858827
83516767 0.503279831 0.894308486 0.500000000 0.500000000 0.000000000 0.000000000 0.999990284 -0.003873399 0.002096534 0.015971514 0.003842836 0.999889076 0.014390519 0.537858786 -0.002152042 -0.014382322 0.999894261 0.743491388
