https://www.youtube.com/watch?v=9sKy9Ae0q4A
32299000 0.485525465 0.863156401 0.500000000 0.500000000 0.000000000 0.000000000 0.956770897 0.032349903 -0.289037913 0.231471624 -0.039266806 0.999063671 -0.018162763 0.020492197 0.288179696 0.028727200 0.957145333 -0.432053888
32399000 0.485525465 0.863156401 0.500000000 0.500000000 0.000000000 0.000000000 0.950362623 0.034252740 -0.309253365 0.244119666 -0.041586567 0.998987675 -0.017151797 0.018713956 0.308352798 0.029161213 0.950824976 -0.444171514
32466000 0.485525465 0.863156401 0.500000000 0.500000000 0.000000000 0.000000000 0.945752740 0.035310164 -0.322962821 0.252203606 -0.043030173 0.998932660 -0.016792733 0.018260879 0.322025150 0.029778918 0.946262658 -0.452721909
32833000 0.485525465 0.863156401 0.500000000 0.500000000 0.000000000 0.000000000 0.917202294 0.041852862 -0.396217465 0.294100257 -0.051296853 0.998595357 -0.013264230 0.019449150 0.395105779 0.032490689 0.918060899 -0.497453042
33667000 0.485525465 0.863156401 0.500000000 0.500000000 0.000000000 0.000000000 0.824721336 0.057511773 -0.562607467 0.437489829 -0.071158506 0.997462273 -0.002346420 0.026943198 0.561044753 0.041969448 0.826720834 -0.567377118
33800000 0.485525465 0.863156401 0.500000000 0.500000000 0.000000000 0.000000000 0.804258525 0.060512904 -0.591190696 0.464425774 -0.074589089 0.997214198 0.000601188 0.028075369 0.589580119 0.043612864 0.806531608 -0.578966170
34234000 0.485525465 0.863156401 0.500000000 0.500000000 0.000000000 0.000000000 0.727250993 0.069634482 -0.682830215 0.521426634 -0.085681744 0.996268868 0.010343027 0.036477587 0.681002676 0.050984107 0.730503917 -0.614207046
35102000 0.485525465 0.863156401 0.500000000 0.500000000 0.000000000 0.000000000 0.573964417 0.082611710 -0.814702511 0.577395320 -0.101369053 0.994413793 0.029419318 0.056490187 0.812581778 0.065699972 0.579132438 -0.725381934
36370000 0.485525465 0.863156401 0.500000000 0.500000000 0.000000000 0.000000000 0.296000361 0.094421655 -0.950509489 0.741564901 -0.114997610 0.991386890 0.062670656 0.065253374 0.948240101 0.090755790 0.304309130 -0.897738779
39806000 0.485525465 0.863156401 0.500000000 0.500000000 0.000000000 0.000000000 -0.456258148 0.083234958 -0.885946095 1.427693133 -0.045267213 0.992155552 0.116525784 0.001292626 0.888695359 0.093270145 -0.448911220 -0.886827580
