https://www.youtube.com/watch?v=QShWPZxTDoE
129529530 0.474638326 0.843801455 0.500000000 0.500000000 0.000000000 0.000000000 0.805163920 -0.048776865 0.591043055 -0.267722174 0.116029292 0.990307987 -0.076337054 0.185193818 -0.581591129 0.130042151 0.803019762 -1.136816009
129929930 0.474638326 0.843801455 0.500000000 0.500000000 0.000000000 0.000000000 0.700072706 -0.056655239 0.711820483 -0.393531564 0.137062714 0.988973260 -0.056086268 0.194971087 -0.700793803 0.136828512 0.700118542 -1.279753042
129963297 0.474638326 0.843801455 0.500000000 0.500000000 0.000000000 0.000000000 0.691658437 -0.057025261 0.719969928 -0.405731370 0.138514906 0.988846004 -0.054746453 0.197528652 -0.708817482 0.137592420 0.691842556 -1.291531948
130397064 0.474638326 0.843801455 0.500000000 0.500000000 0.000000000 0.000000000 0.596535206 -0.061193306 0.800250649 -0.535788903 0.150827497 0.987871468 -0.036891926 0.213363566 -0.788287282 0.142707139 0.598529756 -1.440438496
130764097 0.474638326 0.843801455 0.500000000 0.500000000 0.000000000 0.000000000 0.547463596 -0.062844895 0.834466398 -0.604298375 0.155338764 0.987477183 -0.027543848 0.233654723 -0.822285533 0.144704238 0.550370038 -1.594936086
131131131 0.474638326 0.843801455 0.500000000 0.500000000 0.000000000 0.000000000 0.529280305 -0.063107140 0.846096814 -0.644818377 0.155831888 0.987496138 -0.023827881 0.269522486 -0.834013641 0.144460499 0.532496393 -1.761851750
131731732 0.474638326 0.843801455 0.500000000 0.500000000 0.000000000 0.000000000 0.498519331 -0.063304290 0.864564061 -0.757470646 0.156724662 0.987477124 -0.018065453 0.301820607 -0.852593601 0.144504502 0.502197742 -2.003632432
132198866 0.474638326 0.843801455 0.500000000 0.500000000 0.000000000 0.000000000 0.458515763 -0.065707557 0.886253834 -0.871378638 0.159882307 0.987090051 -0.009533704 0.320282382 -0.874185860 0.146067649 0.463101804 -2.158018978
132732733 0.474638326 0.843801455 0.500000000 0.500000000 0.000000000 0.000000000 0.431971341 -0.067932092 0.899325311 -0.919240189 0.161548525 0.986860037 -0.003052142 0.360265666 -0.887300849 0.146603122 0.437269568 -2.352714277
133867201 0.474638326 0.843801455 0.500000000 0.500000000 0.000000000 0.000000000 0.374671280 -0.070069887 0.924506187 -1.050050022 0.160139948 0.987044573 0.009910434 0.361551762 -0.913223207 0.144337207 0.381038249 -2.493534301
