https://www.youtube.com/watch?v=954L4DQHgMU
148515015 0.499147118 0.887372602 0.500000000 0.500000000 0.000000000 0.000000000 0.985167146 -0.029970516 0.168960020 -0.102419601 0.029547218 0.999550760 0.005019553 -0.062399650 -0.169034556 0.000047199 0.985610127 -0.313854959
148681849 0.499147118 0.887372602 0.500000000 0.500000000 0.000000000 0.000000000 0.979924798 -0.033814415 0.196478814 -0.117705721 0.033082046 0.999428034 0.007009202 -0.067369105 -0.196603462 -0.000368570 0.980482996 -0.360999719
148882049 0.499147118 0.887372602 0.500000000 0.500000000 0.000000000 0.000000000 0.971432924 -0.037822280 0.234281018 -0.141549050 0.036898218 0.999284327 0.008327888 -0.072586357 -0.234428331 0.000554568 0.972133219 -0.416011924
149282449 0.499147118 0.887372602 0.500000000 0.500000000 0.000000000 0.000000000 0.950457573 -0.046145007 0.307410210 -0.185137168 0.044974569 0.998928726 0.010894731 -0.066799340 -0.307583630 0.003470663 0.951514721 -0.496003296
149415916 0.499147118 0.887372602 0.500000000 0.500000000 0.000000000 0.000000000 0.943477571 -0.048885003 0.327811509 -0.196286265 0.047419269 0.998797238 0.012468109 -0.064250408 -0.328026712 0.003781201 0.944660902 -0.517959453
149682850 0.499147118 0.887372602 0.500000000 0.500000000 0.000000000 0.000000000 0.928992927 -0.053650279 0.366188109 -0.218574109 0.051775981 0.998546898 0.014945317 -0.059951527 -0.366457820 0.005075655 0.930420816 -0.569776200
150450284 0.499147118 0.887372602 0.500000000 0.500000000 0.000000000 0.000000000 0.866431594 -0.069997884 0.494364828 -0.310286310 0.066582754 0.997479081 0.024540626 -0.022319036 -0.494836360 0.011653396 0.868908048 -0.693293076
150783951 0.499147118 0.887372602 0.500000000 0.500000000 0.000000000 0.000000000 0.834813416 -0.075939745 0.545270324 -0.344578913 0.070922345 0.997022390 0.030272506 0.001684267 -0.545945585 0.013399953 0.837713480 -0.710615688
151351185 0.499147118 0.887372602 0.500000000 0.500000000 0.000000000 0.000000000 0.793564081 -0.083117798 0.602783144 -0.380215707 0.075433709 0.996423125 0.038088344 0.049920295 -0.603792846 0.015244627 0.796995461 -0.715931595
151417918 0.499147118 0.887372602 0.500000000 0.500000000 0.000000000 0.000000000 0.790509403 -0.083480902 0.606733799 -0.382336541 0.075936265 0.996382356 0.038156051 0.057465926 -0.607724130 0.015910381 0.793988824 -0.716502771
