https://www.youtube.com/watch?v=_0Bha-d1WZk
114948167 0.494408977 0.878949269 0.500000000 0.500000000 0.000000000 0.000000000 0.988680482 0.023647787 -0.148161218 -0.075377848 -0.027517769 0.999330163 -0.024124634 0.038542513 0.147491470 0.027928619 0.988668919 -0.309036689
115081633 0.494408977 0.878949269 0.500000000 0.500000000 0.000000000 0.000000000 0.984661818 0.027467763 -0.172297910 -0.096896993 -0.032327600 0.999152899 -0.025463210 0.042089651 0.171452537 0.030642631 0.984715700 -0.379517162
115415300 0.494408977 0.878949269 0.500000000 0.500000000 0.000000000 0.000000000 0.972469151 0.039720841 -0.229621336 -0.168584077 -0.047430322 0.998477757 -0.028151339 0.060301998 0.228153616 0.038267322 0.972872853 -0.581210592
115748967 0.494408977 0.878949269 0.500000000 0.500000000 0.000000000 0.000000000 0.956962407 0.050642777 -0.285759062 -0.228311865 -0.062096778 0.997583628 -0.031158695 0.092099925 0.283490598 0.047562417 0.957794785 -0.801172673
116049267 0.494408977 0.878949269 0.500000000 0.500000000 0.000000000 0.000000000 0.940051198 0.056529202 -0.336315662 -0.247390447 -0.072471730 0.996755064 -0.035030693 0.125938347 0.333244085 0.057304025 0.941097558 -1.021047721
116282833 0.494408977 0.878949269 0.500000000 0.500000000 0.000000000 0.000000000 0.922677517 0.060146652 -0.380852431 -0.216678638 -0.080855608 0.995978296 -0.038594712 0.158529940 0.376999438 0.066404529 0.923829973 -1.177760688
116516400 0.494408977 0.878949269 0.500000000 0.500000000 0.000000000 0.000000000 0.902361155 0.063192949 -0.426322639 -0.160722171 -0.087826505 0.995397329 -0.038349196 0.184327561 0.421937019 0.072047256 0.903757870 -1.310992148
117183733 0.494408977 0.878949269 0.500000000 0.500000000 0.000000000 0.000000000 0.856183112 0.067276821 -0.512273669 -0.065294402 -0.102547295 0.993888438 -0.040864110 0.261198708 0.506393611 0.087519437 0.857849538 -1.734641949
117350567 0.494408977 0.878949269 0.500000000 0.500000000 0.000000000 0.000000000 0.844728708 0.068794295 -0.530754924 -0.038532278 -0.107927918 0.993226826 -0.043035820 0.293090609 0.524199367 0.093636863 0.846432030 -1.876564855
117450667 0.494408977 0.878949269 0.500000000 0.500000000 0.000000000 0.000000000 0.838085294 0.067506835 -0.541346312 -0.018487605 -0.108629495 0.993093193 -0.044334296 0.305161032 0.534614503 0.095962100 0.839630067 -1.947358408
