https://www.youtube.com/watch?v=cajQ1EpE87w
97497400 0.474984312 0.844416530 0.500000000 0.500000000 0.000000000 0.000000000 0.994575500 -0.006728047 0.103799179 -0.006142494 0.006204304 0.999966323 0.005367781 0.020118491 -0.103831798 -0.004694662 0.994583786 -0.480740110
98164733 0.474984312 0.844416530 0.500000000 0.500000000 0.000000000 0.000000000 0.989554882 -0.010584758 0.143767551 0.037194031 0.010053757 0.999939680 0.004419463 0.057352468 -0.143805653 -0.002927897 0.989601612 -1.002204153
98498400 0.474984312 0.844416530 0.500000000 0.500000000 0.000000000 0.000000000 0.987681448 -0.008663454 0.156238109 0.041213817 0.007694774 0.999947250 0.006803791 0.075202823 -0.156288818 -0.005517761 0.987695992 -1.255778821
99766333 0.474984312 0.844416530 0.500000000 0.500000000 0.000000000 0.000000000 0.993578374 -0.015617404 0.112062722 0.240067463 0.014935232 0.999864459 0.006924379 0.140062470 -0.112155676 -0.005206231 0.993677020 -2.218783381
99799700 0.474984312 0.844416530 0.500000000 0.500000000 0.000000000 0.000000000 0.993683577 -0.015455759 0.111148864 0.240760514 0.014747545 0.999865413 0.007191125 0.138628696 -0.111245051 -0.005506530 0.993777752 -2.244588433
99966533 0.474984312 0.844416530 0.500000000 0.500000000 0.000000000 0.000000000 0.993986011 -0.014918816 0.108486392 0.232463184 0.014108348 0.999866545 0.008234455 0.133393539 -0.108594768 -0.006654370 0.994063854 -2.371186484
101568133 0.474984312 0.844416530 0.500000000 0.500000000 0.000000000 0.000000000 0.988830149 -0.017439764 0.148023099 -0.083681289 0.021030145 0.999520540 -0.022725092 0.343306668 -0.147555798 0.025584202 0.988722801 -3.641788196
101801700 0.474984312 0.844416530 0.500000000 0.500000000 0.000000000 0.000000000 0.987755656 -0.017968241 0.154970691 -0.131930352 0.021981401 0.999464929 -0.024221530 0.360622424 -0.154452547 0.027331427 0.987622082 -3.820125244
101901800 0.474984312 0.844416530 0.500000000 0.500000000 0.000000000 0.000000000 0.987736642 -0.017667357 0.155126467 -0.134692491 0.021245524 0.999544382 -0.021438474 0.347830254 -0.154677033 0.024471309 0.987661958 -3.898541221
102202100 0.474984312 0.844416530 0.500000000 0.500000000 0.000000000 0.000000000 0.986043036 -0.018530367 0.165456340 -0.203982084 0.023169694 0.999389410 -0.026153512 0.393976692 -0.164870664 0.029622061 0.985870302 -4.116709422
