https://www.youtube.com/watch?v=-lF1OltRIOw
252418833 0.498194511 0.885679156 0.500000000 0.500000000 0.000000000 0.000000000 0.999267817 0.004760400 -0.037962005 -0.186766596 -0.004754197 0.999988675 0.000253670 -0.003514326 0.037962783 -0.000073006 0.999279141 -0.530388441
252452200 0.498194511 0.885679156 0.500000000 0.500000000 0.000000000 0.000000000 0.999252200 0.004878695 -0.038356487 -0.192646006 -0.004889193 0.999988019 -0.000179905 -0.007562884 0.038355149 0.000367303 0.999264121 -0.543807841
252485567 0.498194511 0.885679156 0.500000000 0.500000000 0.000000000 0.000000000 0.999244332 0.005135700 -0.038528215 -0.198682653 -0.005196868 0.999985397 -0.001487633 -0.011663072 0.038520012 0.001686734 0.999256432 -0.557489155
253486567 0.498194511 0.885679156 0.500000000 0.500000000 0.000000000 0.000000000 0.999243677 0.004551128 -0.038618233 -0.397182352 -0.007198720 0.997611463 -0.068698585 -0.057920928 0.038213339 0.068924628 0.996889710 -0.971423516
253753500 0.498194511 0.885679156 0.500000000 0.500000000 0.000000000 0.000000000 0.999357283 0.005118045 -0.035479724 -0.466762821 -0.008070810 0.996467769 -0.083587356 -0.040867681 0.034926597 0.083819985 0.995868623 -1.076752831
253987067 0.498194511 0.885679156 0.500000000 0.500000000 0.000000000 0.000000000 0.999632239 0.004694974 -0.026707672 -0.533500997 -0.007140912 0.995711446 -0.092237420 -0.027855717 0.026160082 0.092394218 0.995378792 -1.167099220
255088167 0.498194511 0.885679156 0.500000000 0.500000000 0.000000000 0.000000000 0.995656312 -0.010157865 0.092549331 -0.841432346 0.020675290 0.993333995 -0.113402545 0.091286721 -0.090780467 0.114823438 0.989229262 -1.498949458
255755500 0.498194511 0.885679156 0.500000000 0.500000000 0.000000000 0.000000000 0.984713197 -0.016790397 0.173372298 -1.002792728 0.036202934 0.993335724 -0.109423518 0.195730967 -0.170379639 0.114027373 0.978758693 -1.589971432
257190267 0.498194511 0.885679156 0.500000000 0.500000000 0.000000000 0.000000000 0.934833586 -0.033135395 0.353536725 -1.308423729 0.063297093 0.995240510 -0.074092902 0.432925643 -0.349398971 0.091642387 0.932481647 -1.472679898
260026433 0.498194511 0.885679156 0.500000000 0.500000000 0.000000000 0.000000000 0.587884545 -0.078501694 0.805126846 -1.407653588 0.068951681 0.996520877 0.046816166 0.407864573 -0.806000888 0.027992353 0.591252029 -0.549965488
