https://www.youtube.com/watch?v=iC_NjkLkeCU
32132100 0.584164804 1.038515248 0.500000000 0.500000000 0.000000000 0.000000000 0.999583900 -0.002554479 -0.028732112 0.045665164 0.002558916 0.999996722 0.000117635 -0.003556114 0.028731717 -0.000191110 0.999587119 -0.013046615
32265567 0.584164804 1.038515248 0.500000000 0.500000000 0.000000000 0.000000000 0.999443889 -0.003017230 -0.033207763 0.054490023 0.003027522 0.999995410 0.000259633 -0.003579761 0.033206824 -0.000360026 0.999448419 -0.014086141
32465767 0.584164804 1.038515248 0.500000000 0.500000000 0.000000000 0.000000000 0.999210596 -0.003049891 -0.039609432 0.066427358 0.003070832 0.999995172 0.000467851 -0.003855755 0.039607815 -0.000589116 0.999215126 -0.015508164
32699333 0.584164804 1.038515248 0.500000000 0.500000000 0.000000000 0.000000000 0.998862326 -0.003854710 -0.047531612 0.080211398 0.003898019 0.999992073 0.000818507 -0.004157793 0.047528081 -0.001002854 0.998869419 -0.016973160
33433400 0.584164804 1.038515248 0.500000000 0.500000000 0.000000000 0.000000000 0.997223020 -0.004887557 -0.074312948 0.119427953 0.004968953 0.999987245 0.000910470 -0.004746344 0.074307553 -0.001277200 0.997234583 -0.019368247
34134100 0.584164804 1.038515248 0.500000000 0.500000000 0.000000000 0.000000000 0.994876027 -0.006118466 -0.100917175 0.163577339 0.006236824 0.999980211 0.000857362 -0.005283476 0.100909933 -0.001482372 0.994894445 -0.019764675
34367667 0.584164804 1.038515248 0.500000000 0.500000000 0.000000000 0.000000000 0.993935764 -0.007095805 -0.109733105 0.177006414 0.007214926 0.999973714 0.000688525 -0.005197862 0.109725334 -0.001476066 0.993960857 -0.019487537
34601233 0.584164804 1.038515248 0.500000000 0.500000000 0.000000000 0.000000000 0.992973983 -0.007837439 -0.118073247 0.189148772 0.007959468 0.999968171 0.000561987 -0.005143261 0.118065082 -0.001497839 0.993004739 -0.018932868
35001633 0.584164804 1.038515248 0.500000000 0.500000000 0.000000000 0.000000000 0.991329372 -0.009726864 -0.131039783 0.210352842 0.009883926 0.999951005 0.000548226 -0.004829808 0.131028026 -0.001838660 0.991376936 -0.017806255
35235200 0.584164804 1.038515248 0.500000000 0.500000000 0.000000000 0.000000000 0.990470827 -0.010198803 -0.137344763 0.221050338 0.010379534 0.999945939 0.000599764 -0.004660834 0.137331232 -0.002019623 0.990523100 -0.016910193
