https://www.youtube.com/watch?v=D1xea6m448Y
209042000 0.503172347 0.894528623 0.500000000 0.500000000 0.000000000 0.000000000 0.998769581 0.013524247 -0.047711663 -0.437759549 -0.011837858 0.999301255 0.035452649 0.165654730 0.048157793 -0.034844223 0.998231769 -1.949657375
209810000 0.503172347 0.894528623 0.500000000 0.500000000 0.000000000 0.000000000 0.996890783 0.021700339 -0.075749017 -0.485417556 -0.018757179 0.999049366 0.039351687 0.205201974 0.076530948 -0.037808497 0.996350110 -2.616568523
209976000 0.503172347 0.894528623 0.500000000 0.500000000 0.000000000 0.000000000 0.996586800 0.023088042 -0.079256952 -0.495339831 -0.020057693 0.999044895 0.038820036 0.224098923 0.080077529 -0.037097823 0.996098042 -2.756832868
210677000 0.503172347 0.894528623 0.500000000 0.500000000 0.000000000 0.000000000 0.998458982 0.017755488 -0.052578077 -0.697395060 -0.015812682 0.999184966 0.037139118 0.252033989 0.053194650 -0.036250483 0.997925937 -3.334568487
210744000 0.503172347 0.894528623 0.500000000 0.500000000 0.000000000 0.000000000 0.998704493 0.016948914 -0.047979295 -0.723280727 -0.015226349 0.999234259 0.036042880 0.259456333 0.048553441 -0.035265639 0.998197854 -3.388540035
210944000 0.503172347 0.894528623 0.500000000 0.500000000 0.000000000 0.000000000 0.999259949 0.016050084 -0.034956641 -0.796312443 -0.014959929 0.999400377 0.031227311 0.290220237 0.035436880 -0.030681251 0.998900831 -3.547577721
211011000 0.503172347 0.894528623 0.500000000 0.500000000 0.000000000 0.000000000 0.999381542 0.015986061 -0.031319827 -0.816494033 -0.015048548 0.999438286 0.029943971 0.297435748 0.031780921 -0.029454134 0.999060750 -3.600954081
211211000 0.503172347 0.894528623 0.500000000 0.500000000 0.000000000 0.000000000 0.999623120 0.016488573 -0.021948745 -0.867940784 -0.015885593 0.999499202 0.027368708 0.314767683 0.022389024 -0.027009724 0.999384403 -3.765155483
212179000 0.503172347 0.894528623 0.500000000 0.500000000 0.000000000 0.000000000 0.998991907 0.018431125 0.040931750 -1.229279605 -0.019551879 0.999440074 0.027151633 0.392134492 -0.040408395 -0.027924556 0.998792946 -4.501257021
213980000 0.503172347 0.894528623 0.500000000 0.500000000 0.000000000 0.000000000 0.979013860 0.001778281 0.203785911 -2.220480184 -0.006480203 0.999727905 0.022407889 0.543134853 -0.203690618 -0.023258209 0.978758991 -5.482165273
