https://www.youtube.com/watch?v=LsL1_GVtskY
50183467 0.481185399 0.855440753 0.500000000 0.500000000 0.000000000 0.000000000 0.807978213 0.074362397 -0.584501028 -0.412727579 -0.061055362 0.997230351 0.042472184 0.028374422 0.586040437 0.001370321 0.810280621 -0.112678662
50250200 0.481185399 0.855440753 0.500000000 0.500000000 0.000000000 0.000000000 0.798892319 0.075405046 -0.596728742 -0.414653775 -0.061518960 0.997151256 0.043643314 0.029811362 0.598319769 0.001843825 0.801255286 -0.130578651
50316933 0.481185399 0.855440753 0.500000000 0.500000000 0.000000000 0.000000000 0.789522111 0.076630406 -0.608919263 -0.416008236 -0.062161297 0.997056663 0.044878095 0.030965830 0.610566020 0.002418963 0.791961670 -0.147776577
51885167 0.481185399 0.855440753 0.500000000 0.500000000 0.000000000 0.000000000 0.562366843 0.091378815 -0.821823239 -0.387899219 -0.030797696 0.995500147 0.089615405 0.042863923 0.826314151 -0.025086466 0.562650502 -0.641971352
52285567 0.481185399 0.855440753 0.500000000 0.500000000 0.000000000 0.000000000 0.509983242 0.091692582 -0.855283320 -0.337656372 -0.018178467 0.995229185 0.095856443 0.043978921 0.859992206 -0.033337440 0.509217024 -0.797314243
52986267 0.481185399 0.855440753 0.500000000 0.500000000 0.000000000 0.000000000 0.418762743 0.094113924 -0.903205574 -0.301373821 -0.020121429 0.995332479 0.094384417 0.037464983 0.907872736 -0.021350890 0.418701857 -1.057547807
53820433 0.481185399 0.855440753 0.500000000 0.500000000 0.000000000 0.000000000 0.336802781 0.092145756 -0.937055528 -0.289855043 -0.025473136 0.995727301 0.088759549 0.060448199 0.941230595 -0.006024720 0.337710977 -1.381821792
54320933 0.481185399 0.855440753 0.500000000 0.500000000 0.000000000 0.000000000 0.311785668 0.103940517 -0.944450140 -0.305435195 -0.034803353 0.994580805 0.097968176 0.083011388 0.949514806 0.002324959 0.313713521 -1.582587696
54454400 0.481185399 0.855440753 0.500000000 0.500000000 0.000000000 0.000000000 0.309266001 0.108216964 -0.944798172 -0.319433218 -0.035884067 0.994124591 0.102120668 0.088049219 0.950298309 0.002320750 0.311332226 -1.636199214
56289567 0.481185399 0.855440753 0.500000000 0.500000000 0.000000000 0.000000000 0.407409966 0.102684714 -0.907454133 -0.753908825 -0.038895994 0.994708002 0.095095374 0.136984855 0.912416697 -0.003446469 0.409247965 -2.210027869
