https://www.youtube.com/watch?v=c5-9UPjjfL8
65899167 0.475560389 0.845440711 0.500000000 0.500000000 0.000000000 0.000000000 0.789012790 -0.045105997 -0.612718761 0.361068579 0.038286336 0.998972774 -0.024238290 -0.043990004 0.613182664 -0.004334437 0.789929271 -0.516222048
66633233 0.475560389 0.845440711 0.500000000 0.500000000 0.000000000 0.000000000 0.535417795 -0.049816050 -0.843116939 0.713766924 0.043994013 0.998548806 -0.031061623 -0.065064680 0.843440771 -0.020461151 0.536832392 -0.495945388
67667600 0.475560389 0.845440711 0.500000000 0.500000000 0.000000000 0.000000000 0.132797688 -0.034834079 -0.990530849 1.166585550 0.051195387 0.998289227 -0.028243298 -0.082238816 0.989820063 -0.046959966 0.134353846 -0.133457090
68068000 0.475560389 0.845440711 0.500000000 0.500000000 0.000000000 0.000000000 0.010529865 -0.046110909 -0.998880804 1.314101822 0.041455518 0.998097479 -0.045637742 -0.055288711 0.999084890 -0.040928561 0.012421384 0.037117289
68735333 0.475560389 0.845440711 0.500000000 0.500000000 0.000000000 0.000000000 -0.192807704 -0.069392920 -0.978779733 1.535742539 0.011955028 0.997256041 -0.073057838 -0.015340020 0.981163740 -0.025787454 -0.191449061 0.398373120
68835433 0.475560389 0.845440711 0.500000000 0.500000000 0.000000000 0.000000000 -0.217027754 -0.068848230 -0.973734498 1.570771721 0.008212661 0.997345626 -0.072348110 -0.014425820 0.976130903 -0.023698499 -0.215886250 0.452829474
70437033 0.475560389 0.845440711 0.500000000 0.500000000 0.000000000 0.000000000 -0.513465047 -0.018288443 -0.857915580 2.016460901 0.000429092 0.999767244 -0.021569150 -0.146681639 0.858110368 -0.011443130 -0.513337731 1.144445902
70537133 0.475560389 0.845440711 0.500000000 0.500000000 0.000000000 0.000000000 -0.541532218 -0.021471091 -0.840405762 2.025989652 -0.001531572 0.999697328 -0.024553848 -0.140834171 0.840678573 -0.012009558 -0.541401207 1.206818589
71171100 0.475560389 0.845440711 0.500000000 0.500000000 0.000000000 0.000000000 -0.737608135 -0.031050032 -0.674514711 1.942619741 -0.000495160 0.998966753 -0.045444101 -0.108774839 0.675228834 -0.033185948 -0.736861408 1.717015982
71471400 0.475560389 0.845440711 0.500000000 0.500000000 0.000000000 0.000000000 -0.826944530 -0.029707868 -0.561498165 1.822405153 -0.010130784 0.999228358 -0.037947316 -0.127487181 0.562192261 -0.025691910 -0.826607406 1.969785240
