https://www.youtube.com/watch?v=WsLc0HKd0XQ
106740000 0.498163532 0.885624062 0.500000000 0.500000000 0.000000000 0.000000000 0.999617755 -0.013668903 0.024032459 -0.043268603 0.013438363 0.999862373 0.009728363 -0.015161986 -0.024162129 -0.009401687 0.999663830 0.087727447
106806000 0.498163532 0.885624062 0.500000000 0.500000000 0.000000000 0.000000000 0.999554515 -0.015878024 0.025271788 -0.046226900 0.015644655 0.999833405 0.009405447 -0.017655467 -0.025416918 -0.009005888 0.999636352 0.094853476
106906000 0.498163532 0.885624062 0.500000000 0.500000000 0.000000000 0.000000000 0.999429882 -0.018522974 0.028227298 -0.050276091 0.018313346 0.999802887 0.007666952 -0.021396842 -0.028363749 -0.007145645 0.999572098 0.105105162
106973000 0.498163532 0.885624062 0.500000000 0.500000000 0.000000000 0.000000000 0.999363065 -0.019021112 0.030193688 -0.052596018 0.018823512 0.999799609 0.006815257 -0.023267912 -0.030317271 -0.006242565 0.999520838 0.111453970
107107000 0.498163532 0.885624062 0.500000000 0.500000000 0.000000000 0.000000000 0.999160707 -0.021518264 0.034854904 -0.057435998 0.021304369 0.999751925 0.006496558 -0.027364533 -0.034986053 -0.005748544 0.999371290 0.123147726
107307000 0.498163532 0.885624062 0.500000000 0.500000000 0.000000000 0.000000000 0.998789549 -0.027885726 0.040519513 -0.061579414 0.027424512 0.999553084 0.011894214 -0.031572201 -0.040833086 -0.010768589 0.999107957 0.140845444
107440000 0.498163532 0.885624062 0.500000000 0.500000000 0.000000000 0.000000000 0.998501062 -0.030730516 0.045290321 -0.063255582 0.029929826 0.999385357 0.018252522 -0.033247328 -0.045823392 -0.016869633 0.998807132 0.152927017
107507000 0.498163532 0.885624062 0.500000000 0.500000000 0.000000000 0.000000000 0.998386145 -0.031339396 0.047359608 -0.064664467 0.030368619 0.999316454 0.021080513 -0.034174711 -0.047987886 -0.019608246 0.998655438 0.158188031
107641000 0.498163532 0.885624062 0.500000000 0.500000000 0.000000000 0.000000000 0.998171031 -0.032842766 0.050753448 -0.066545826 0.031710029 0.999233246 0.022964951 -0.036493309 -0.051468764 -0.021313556 0.998447120 0.167250726
107741000 0.498163532 0.885624062 0.500000000 0.500000000 0.000000000 0.000000000 0.997952938 -0.034184813 0.054049782 -0.067502384 0.032904696 0.999160647 0.024399428 -0.037846099 -0.054838505 -0.022570988 0.998240113 0.173637099
