https://www.youtube.com/watch?v=l2DVqvUHFVM
124190733 0.480387730 0.854022564 0.500000000 0.500000000 0.000000000 0.000000000 0.952147901 0.050346632 -0.301462442 -0.195549849 -0.062072780 0.997637391 -0.029439107 0.067878795 0.299268037 0.046742998 0.953023493 -0.376737166
125558767 0.480387730 0.854022564 0.500000000 0.500000000 0.000000000 0.000000000 0.813003719 0.070594944 -0.577963054 -0.097185990 -0.097142220 0.995156050 -0.015094391 0.150660118 0.574097812 0.068416409 0.815923333 -0.933921050
126092633 0.480387730 0.854022564 0.500000000 0.500000000 0.000000000 0.000000000 0.753540158 0.074044861 -0.653218687 0.017327179 -0.105661511 0.994359851 -0.009174496 0.189719562 0.648855090 0.075933419 0.757113755 -1.164273656
126226100 0.480387730 0.854022564 0.500000000 0.500000000 0.000000000 0.000000000 0.739817381 0.074050047 -0.668720305 0.050448639 -0.106877238 0.994238853 -0.008144220 0.201388253 0.664264679 0.077496216 0.743469417 -1.218097789
126559767 0.480387730 0.854022564 0.500000000 0.500000000 0.000000000 0.000000000 0.713300526 0.077129364 -0.696601331 0.106658158 -0.109877944 0.993942022 -0.002460344 0.222297044 0.692191601 0.078296088 0.717454195 -1.344453668
126826700 0.480387730 0.854022564 0.500000000 0.500000000 0.000000000 0.000000000 0.700785100 0.080230206 -0.708846509 0.125607284 -0.111062877 0.993809760 0.002683737 0.232096291 0.704673886 0.076845802 0.705357671 -1.452471155
127861067 0.480387730 0.854022564 0.500000000 0.500000000 0.000000000 0.000000000 0.696199596 0.082415260 -0.713101566 0.131498846 -0.114669062 0.993399620 0.002858972 0.303876930 0.708630502 0.079780273 0.701054871 -1.868136700
128294833 0.480387730 0.854022564 0.500000000 0.500000000 0.000000000 0.000000000 0.708682239 0.082436495 -0.700695157 0.083768453 -0.118049614 0.993004382 -0.002568678 0.345685578 0.695581615 0.084537171 0.713456154 -2.047539465
129496033 0.480387730 0.854022564 0.500000000 0.500000000 0.000000000 0.000000000 0.786220729 0.068732500 -0.614111423 -0.225780108 -0.102326922 0.994555891 -0.019692244 0.424482928 0.609414637 0.078322582 0.788973629 -2.503214763
130396933 0.480387730 0.854022564 0.500000000 0.500000000 0.000000000 0.000000000 0.883759618 0.052883714 -0.464943320 -0.774338068 -0.075188108 0.996731520 -0.029546281 0.434752617 0.461861163 0.061070018 0.884847283 -2.702046153
