https://www.youtube.com/watch?v=k5SRV3tv5AY
88455000 0.423874550 0.753554783 0.500000000 0.500000000 0.000000000 0.000000000 0.985670090 0.014086184 0.168095455 -0.421910275 -0.011085576 0.999762237 -0.018775726 0.101798544 -0.168319970 0.016643235 0.985591888 -0.371412268
88621000 0.423874550 0.753554783 0.500000000 0.500000000 0.000000000 0.000000000 0.980579019 0.014008721 0.195623457 -0.485862235 -0.010698063 0.999781311 -0.017970040 0.118627723 -0.195832416 0.015528252 0.980514407 -0.385001128
88855000 0.423874550 0.753554783 0.500000000 0.500000000 0.000000000 0.000000000 0.971452773 0.014509617 0.236788824 -0.579630130 -0.010714089 0.999792814 -0.017308157 0.138885995 -0.236990899 0.014277081 0.971406937 -0.392212616
88888000 0.423874550 0.753554783 0.500000000 0.500000000 0.000000000 0.000000000 0.969958901 0.014524166 0.242834926 -0.594124411 -0.010670094 0.999795496 -0.017178927 0.141494774 -0.243034765 0.014071780 0.969915509 -0.391826006
88988000 0.423874550 0.753554783 0.500000000 0.500000000 0.000000000 0.000000000 0.965395212 0.014597356 0.260382384 -0.635419936 -0.010536296 0.999800205 -0.016985595 0.149099569 -0.260578305 0.013654348 0.965356171 -0.390457331
89122000 0.423874550 0.753554783 0.500000000 0.500000000 0.000000000 0.000000000 0.959057570 0.014719218 0.282828391 -0.691368980 -0.010459691 0.999808073 -0.016564626 0.159796912 -0.283017933 0.012928133 0.959027469 -0.385057509
89522000 0.423874550 0.753554783 0.500000000 0.500000000 0.000000000 0.000000000 0.937253654 0.015102653 0.348320931 -0.862279055 -0.010430004 0.999828756 -0.015286212 0.203053055 -0.348492146 0.010694070 0.937250674 -0.351311683
89723000 0.423874550 0.753554783 0.500000000 0.500000000 0.000000000 0.000000000 0.924915612 0.015197147 0.379868627 -0.950141231 -0.010460883 0.999839723 -0.014529437 0.231282242 -0.380028546 0.009464742 0.924926341 -0.329022564
89923000 0.423874550 0.753554783 0.500000000 0.500000000 0.000000000 0.000000000 0.912014246 0.014981651 0.409884840 -1.039151625 -0.010394231 0.999855936 -0.013417928 0.256905421 -0.410026819 0.007976904 0.912038565 -0.306683310
90890000 0.423874550 0.753554783 0.500000000 0.500000000 0.000000000 0.000000000 0.834320188 0.013433555 0.551116467 -1.467679466 -0.009850248 0.999906719 -0.009460870 0.327210718 -0.551192105 0.002464762 0.834374726 -0.154836269
