https://www.youtube.com/watch?v=AUOjGitbBWE
258391000 0.508944118 0.904789506 0.500000000 0.500000000 0.000000000 0.000000000 0.515465677 0.005153913 -0.856894732 1.415172843 -0.040939234 0.998988152 -0.018618472 0.242113583 0.855931759 0.044677798 0.515155077 0.025953080
258492000 0.508944118 0.904789506 0.500000000 0.500000000 0.000000000 0.000000000 0.511616290 0.006254694 -0.859191298 1.415603758 -0.041288830 0.998997211 -0.017313508 0.242999578 0.858221412 0.044332873 0.511361539 0.021097282
258759000 0.508944118 0.904789506 0.500000000 0.500000000 0.000000000 0.000000000 0.500293732 0.010919238 -0.865786910 1.415172080 -0.042473517 0.999026179 -0.011943619 0.241104566 0.864813387 0.042748332 0.500270307 0.016750575
258859000 0.508944118 0.904789506 0.500000000 0.500000000 0.000000000 0.000000000 0.495480895 0.012739654 -0.868525445 1.414142046 -0.041953139 0.999076486 -0.009279048 0.239249278 0.867605090 0.041034959 0.495557755 0.017044184
258925000 0.508944118 0.904789506 0.500000000 0.500000000 0.000000000 0.000000000 0.491816372 0.014079659 -0.870585084 1.414281069 -0.041985717 0.999089599 -0.007560918 0.237981702 0.869686067 0.040270723 0.491959780 0.018616788
259126000 0.508944118 0.904789506 0.500000000 0.500000000 0.000000000 0.000000000 0.481138080 0.016785312 -0.876484096 1.413075538 -0.040826388 0.999160886 -0.003276616 0.234788427 0.875693619 0.037360184 0.481419623 0.021183560
259593000 0.508944118 0.904789506 0.500000000 0.500000000 0.000000000 0.000000000 0.463757545 0.016772043 -0.885803401 1.418811611 -0.038576096 0.999254823 -0.001276141 0.240843364 0.885121942 0.034762654 0.464058965 0.009256075
259793000 0.508944118 0.904789506 0.500000000 0.500000000 0.000000000 0.000000000 0.456161648 0.012347630 -0.889811277 1.421189698 -0.035923865 0.999344170 -0.004548782 0.249442418 0.889171541 0.034040440 0.456306070 0.006313567
259893000 0.508944118 0.904789506 0.500000000 0.500000000 0.000000000 0.000000000 0.454461455 0.009333814 -0.890717506 1.422095624 -0.033809207 0.999405324 -0.006777367 0.255825557 0.890124559 0.033194505 0.454506785 0.000597223
259960000 0.508944118 0.904789506 0.500000000 0.500000000 0.000000000 0.000000000 0.454106510 0.007071916 -0.890919328 1.422579296 -0.031795472 0.999460161 -0.008272839 0.260395270 0.890379906 0.032083951 0.454086214 -0.005166683
