https://www.youtube.com/watch?v=CNO5KUcIjxc
99299299 0.471494785 0.838212952 0.500000000 0.500000000 0.000000000 0.000000000 0.952653110 -0.048356418 0.300189376 1.142341950 0.038447876 0.998505831 0.038831074 0.161327554 -0.301618576 -0.025450898 0.953088939 -1.110522952
100333667 0.471494785 0.838212952 0.500000000 0.500000000 0.000000000 0.000000000 0.956282794 -0.046151422 0.288778841 2.005004035 0.029876731 0.997720003 0.060515489 0.199381492 -0.290913314 -0.049242154 0.955481350 -1.789219869
100500501 0.471494785 0.838212952 0.500000000 0.500000000 0.000000000 0.000000000 0.959405005 -0.044115249 0.278560400 2.159950260 0.027034616 0.997527719 0.064865783 0.195441835 -0.280733287 -0.054701786 0.958225727 -1.871296448
101101101 0.471494785 0.838212952 0.500000000 0.500000000 0.000000000 0.000000000 0.972635627 -0.036294371 0.229483381 2.800191450 0.018086448 0.996553659 0.080954716 0.234474574 -0.231630698 -0.074588902 0.969940066 -2.171146078
101334668 0.471494785 0.838212952 0.500000000 0.500000000 0.000000000 0.000000000 0.978214562 -0.031407062 0.205206841 3.074042483 0.013185742 0.995893598 0.089566253 0.236260233 -0.207177192 -0.084909208 0.974611759 -2.245956480
101768435 0.471494785 0.838212952 0.500000000 0.500000000 0.000000000 0.000000000 0.986477911 -0.024184572 0.162099987 3.592062780 0.007375382 0.994601488 0.103506230 0.230827563 -0.163728148 -0.100911058 0.981330752 -2.355115730
102068735 0.471494785 0.838212952 0.500000000 0.500000000 0.000000000 0.000000000 0.991370440 -0.018074133 0.129838392 4.022018077 0.003426717 0.993684113 0.112161212 0.204684271 -0.131045565 -0.110748388 0.985170960 -2.385865872
102235569 0.471494785 0.838212952 0.500000000 0.500000000 0.000000000 0.000000000 0.993996620 -0.014563156 0.108437285 4.265953279 0.001909822 0.993260384 0.115888640 0.201896370 -0.109394163 -0.114985824 0.987325251 -2.373831472
103370037 0.471494785 0.838212952 0.500000000 0.500000000 0.000000000 0.000000000 0.999855459 0.005929460 0.015932953 5.351695881 -0.008035467 0.990737438 0.135553509 0.142103181 -0.014981613 -0.135661945 0.990641892 -2.740362245
106406406 0.471494785 0.838212952 0.500000000 0.500000000 0.000000000 0.000000000 0.832964718 0.101777114 -0.543885350 7.165834223 -0.029327514 0.989677072 0.140282691 0.020227902 0.552548409 -0.100899719 0.827350914 -1.437946216
