https://www.youtube.com/watch?v=4BksZ9RqoS4
98431667 0.484172196 0.860750639 0.500000000 0.500000000 0.000000000 0.000000000 0.995678902 0.016545448 -0.091376781 -0.051062442 -0.016582109 0.999862432 0.000358034 0.028067869 0.091370136 0.001158733 0.995816350 -0.258820898
98498400 0.484172196 0.860750639 0.500000000 0.500000000 0.000000000 0.000000000 0.994669855 0.018108997 -0.101508342 -0.060171280 -0.018220507 0.999834001 -0.000171392 0.032706926 0.101488382 0.002020012 0.994834661 -0.284641576
98531767 0.484172196 0.860750639 0.500000000 0.500000000 0.000000000 0.000000000 0.994078100 0.019243341 -0.106950402 -0.063569249 -0.019355429 0.999812663 -0.000010040 0.034650476 0.106930174 0.002080051 0.994264364 -0.297000391
98598500 0.484172196 0.860750639 0.500000000 0.500000000 0.000000000 0.000000000 0.992871046 0.021629820 -0.117214508 -0.072324026 -0.021766128 0.999763072 0.000117195 0.038981326 0.117189273 0.002434947 0.993106604 -0.321820757
98731967 0.484172196 0.860750639 0.500000000 0.500000000 0.000000000 0.000000000 0.989998758 0.025334779 -0.138782501 -0.084901135 -0.025209915 0.999678671 0.002657782 0.041997005 0.138805240 0.000867494 0.990319312 -0.365564235
98798700 0.484172196 0.860750639 0.500000000 0.500000000 0.000000000 0.000000000 0.988195479 0.027618555 -0.150688067 -0.089853770 -0.027513653 0.999617577 0.002781404 0.046756171 0.150707260 0.001397408 0.988577425 -0.388881843
98932167 0.484172196 0.860750639 0.500000000 0.500000000 0.000000000 0.000000000 0.984287262 0.031621832 -0.173720106 -0.101535705 -0.031737041 0.999494016 0.002115283 0.057423871 0.173699096 0.003431317 0.984792769 -0.433133596
98965533 0.484172196 0.860750639 0.500000000 0.500000000 0.000000000 0.000000000 0.983096302 0.032802694 -0.180126891 -0.103265252 -0.032976240 0.999454081 0.002031706 0.059877214 0.180095196 0.003942546 0.983641267 -0.443988114
99199100 0.484172196 0.860750639 0.500000000 0.500000000 0.000000000 0.000000000 0.972541690 0.041459434 -0.229006127 -0.110824256 -0.041798640 0.999120355 0.003371280 0.071123398 0.228944451 0.006293435 0.973419130 -0.520858691
99332567 0.484172196 0.860750639 0.500000000 0.500000000 0.000000000 0.000000000 0.963808894 0.044434745 -0.262864947 -0.102504020 -0.045023900 0.998978734 0.003784956 0.077913349 0.262764663 0.008187231 0.964825213 -0.559675199
