https://www.youtube.com/watch?v=f6d9Eid_i1Q
41975267 0.483840494 0.860160883 0.500000000 0.500000000 0.000000000 0.000000000 0.997473955 0.001508951 -0.071016990 0.012952528 0.002793395 0.998167694 0.060443636 0.102535051 0.070978068 -0.060489330 0.995642066 -0.275190350
42609233 0.483840494 0.860160883 0.500000000 0.500000000 0.000000000 0.000000000 0.999928713 -0.006496311 -0.010020206 -0.131187689 0.007458722 0.995038509 0.099210612 0.146013049 0.009325988 -0.099278271 0.995015979 -0.544539297
42909533 0.483840494 0.860160883 0.500000000 0.500000000 0.000000000 0.000000000 0.999545693 -0.016679486 0.025102723 -0.195886090 0.013782168 0.993672907 0.111463889 0.165079197 -0.026803058 -0.111067280 0.993451357 -0.680527229
43076367 0.483840494 0.860160883 0.500000000 0.500000000 0.000000000 0.000000000 0.998565137 -0.021407062 0.049085934 -0.234838148 0.015575132 0.993097186 0.116255499 0.178979431 -0.051235791 -0.115324169 0.992005646 -0.778840496
43276567 0.483840494 0.860160883 0.500000000 0.500000000 0.000000000 0.000000000 0.996632755 -0.027431101 0.077270582 -0.271595616 0.018081198 0.992705524 0.119200520 0.204789608 -0.079976737 -0.117401995 0.989858806 -0.918166564
43410033 0.483840494 0.860160883 0.500000000 0.500000000 0.000000000 0.000000000 0.994526982 -0.031378418 0.099656641 -0.311942831 0.019161111 0.992435277 0.121264443 0.218886684 -0.102707848 -0.118691228 0.987604916 -0.998687749
43743700 0.483840494 0.860160883 0.500000000 0.500000000 0.000000000 0.000000000 0.986621916 -0.045007095 0.156689435 -0.418251910 0.024603758 0.991235137 0.129798219 0.239577338 -0.161157906 -0.124206610 0.979081631 -1.209108797
44110733 0.483840494 0.860160883 0.500000000 0.500000000 0.000000000 0.000000000 0.971107006 -0.066788651 0.229108021 -0.582911128 0.035840731 0.989967346 0.136675254 0.262707152 -0.235937804 -0.124514885 0.963757932 -1.418424361
44611233 0.483840494 0.860160883 0.500000000 0.500000000 0.000000000 0.000000000 0.942934334 -0.089107148 0.320834458 -0.812610792 0.044672571 0.988671124 0.143296212 0.292807896 -0.329968482 -0.120786414 0.936232567 -1.688593212
45545500 0.483840494 0.860160883 0.500000000 0.500000000 0.000000000 0.000000000 0.868098199 -0.139731273 0.476319909 -1.353230636 0.072875127 0.985041022 0.156151906 0.355878165 -0.491013974 -0.100843310 0.865295291 -2.114070828
