https://www.youtube.com/watch?v=vkT6M_qT7LY
127627000 0.504234060 0.896416138 0.500000000 0.500000000 0.000000000 0.000000000 0.999980330 -0.001955991 -0.005955674 0.052325447 0.001959654 0.999997914 0.000609243 -0.000503360 0.005954470 -0.000620902 0.999982059 -0.000637401
127661000 0.504234060 0.896416138 0.500000000 0.500000000 0.000000000 0.000000000 0.999979436 -0.002146770 -0.006047944 0.053545016 0.002151163 0.999997437 0.000719950 -0.000558947 0.006046382 -0.000732946 0.999981463 -0.000709556
127761000 0.504234060 0.896416138 0.500000000 0.500000000 0.000000000 0.000000000 0.999978662 -0.002288494 -0.006118111 0.057093968 0.002293004 0.999997079 0.000730239 -0.000639050 0.006116422 -0.000744252 0.999981046 -0.000708412
128128000 0.504234060 0.896416138 0.500000000 0.500000000 0.000000000 0.000000000 0.999973774 -0.003187275 -0.006499350 0.070002369 0.003190265 0.999994814 0.000449704 -0.000703818 0.006497883 -0.000470427 0.999978781 -0.000935235
128228000 0.504234060 0.896416138 0.500000000 0.500000000 0.000000000 0.000000000 0.999971926 -0.003440849 -0.006654127 0.073711571 0.003444228 0.999993920 0.000496484 -0.000736864 0.006652378 -0.000519388 0.999977767 -0.000907696
128261000 0.504234060 0.896416138 0.500000000 0.500000000 0.000000000 0.000000000 0.999972403 -0.003474457 -0.006568773 0.074881986 0.003477551 0.999993861 0.000459683 -0.000712036 0.006567136 -0.000482513 0.999978304 -0.000891828
128362000 0.504234060 0.896416138 0.500000000 0.500000000 0.000000000 0.000000000 0.999970257 -0.003608190 -0.006818869 0.078309624 0.003611467 0.999993384 0.000468295 -0.000718910 0.006817134 -0.000492907 0.999976635 -0.000967714
128762000 0.504234060 0.896416138 0.500000000 0.500000000 0.000000000 0.000000000 0.999961734 -0.004583280 -0.007450850 0.092542657 0.004589405 0.999989152 0.000805208 -0.000793877 0.007447079 -0.000839373 0.999971926 -0.000905383
129429000 0.504234060 0.896416138 0.500000000 0.500000000 0.000000000 0.000000000 0.999942541 -0.006389922 -0.008604325 0.116133952 0.006392087 0.999979556 0.000224079 -0.000469251 0.008602718 -0.000279066 0.999962986 -0.001165487
129763000 0.504234060 0.896416138 0.500000000 0.500000000 0.000000000 0.000000000 0.999931753 -0.007444307 -0.009007306 0.128008795 0.007446671 0.999972224 0.000228909 -0.000498292 0.009005352 -0.000295968 0.999959409 -0.001338652
