https://www.youtube.com/watch?v=CC_yttwG2sM
207740867 0.486983654 0.865748701 0.500000000 0.500000000 0.000000000 0.000000000 0.993853509 0.005682587 -0.110557452 -0.178133376 -0.008268754 0.999702454 -0.022947649 -0.033840497 0.110394157 0.023720773 0.993604779 -0.439504339
208474933 0.486983654 0.865748701 0.500000000 0.500000000 0.000000000 0.000000000 0.998079896 0.005729054 -0.061674159 -0.286564794 -0.007404563 0.999608755 -0.026972944 0.023022377 0.061495502 0.027377822 0.997731805 -1.007528342
208641767 0.486983654 0.865748701 0.500000000 0.500000000 0.000000000 0.000000000 0.999132216 0.008667650 -0.040739514 -0.349429189 -0.009642203 0.999670565 -0.023786271 0.037306784 0.040519923 0.024158448 0.998886645 -1.151962601
208775233 0.486983654 0.865748701 0.500000000 0.500000000 0.000000000 0.000000000 0.999628723 0.010474266 -0.025153683 -0.396011671 -0.010997174 0.999724388 -0.020741010 0.052528654 0.024929503 0.021009929 0.999468386 -1.263396793
209309100 0.486983654 0.865748701 0.500000000 0.500000000 0.000000000 0.000000000 0.999483645 0.010003303 0.030535037 -0.554301701 -0.009831300 0.999934971 -0.005777911 0.074427691 -0.030590849 0.005474729 0.999517024 -1.726044538
209509300 0.486983654 0.865748701 0.500000000 0.500000000 0.000000000 0.000000000 0.998467624 0.010984477 0.054238111 -0.624648194 -0.011002521 0.999939442 0.000034099 0.086074713 -0.054234453 -0.000630803 0.998528004 -1.891107840
209809600 0.486983654 0.865748701 0.500000000 0.500000000 0.000000000 0.000000000 0.995785475 0.012587506 0.090845034 -0.742718768 -0.013204115 0.999893665 0.006189633 0.102135538 -0.090757459 -0.007363075 0.995845795 -2.148446444
209842967 0.486983654 0.865748701 0.500000000 0.500000000 0.000000000 0.000000000 0.995382905 0.012853524 0.095118903 -0.757184881 -0.013518094 0.999888480 0.006345637 0.104801897 -0.095026731 -0.007602165 0.995445669 -2.179447556
209976433 0.486983654 0.865748701 0.500000000 0.500000000 0.000000000 0.000000000 0.993703067 0.012768187 0.111315623 -0.814148126 -0.013661142 0.999880314 0.007262783 0.114400721 -0.111209564 -0.008737748 0.993758559 -2.294378114
210143267 0.486983654 0.865748701 0.500000000 0.500000000 0.000000000 0.000000000 0.991405845 0.012219871 0.130250230 -0.882292987 -0.013476980 0.999870658 0.008774385 0.122770777 -0.130126163 -0.010454356 0.991442323 -2.428536462
