https://www.youtube.com/watch?v=bR0YOb4wfbo
65365300 0.653522360 1.161817578 0.500000000 0.500000000 0.000000000 0.000000000 0.999248087 -0.007537535 0.038032863 -0.222571646 0.007525861 0.999971569 0.000450109 0.033641155 -0.038035177 -0.000163541 0.999276400 -0.013492280
65432033 0.653522360 1.161817578 0.500000000 0.500000000 0.000000000 0.000000000 0.999010384 -0.007675471 0.043810435 -0.248381323 0.007662490 0.999970555 0.000464238 0.038125424 -0.043812707 -0.000128082 0.999039769 -0.028712391
65532133 0.653522360 1.161817578 0.500000000 0.500000000 0.000000000 0.000000000 0.998594403 -0.008310892 0.052346386 -0.288851937 0.008303593 0.999965489 0.000356925 0.043491326 -0.052347545 0.000078240 0.998628914 -0.048616575
65632233 0.653522360 1.161817578 0.500000000 0.500000000 0.000000000 0.000000000 0.998141825 -0.009084784 0.060252938 -0.330397101 0.009077167 0.999958694 0.000400137 0.046604541 -0.060254086 0.000147532 0.998183072 -0.069300634
65665600 0.653522360 1.161817578 0.500000000 0.500000000 0.000000000 0.000000000 0.997980714 -0.009275516 0.062836900 -0.344174443 0.009257881 0.999956965 0.000571813 0.046948343 -0.062839501 0.000011078 0.998023629 -0.076055185
65999267 0.653522360 1.161817578 0.500000000 0.500000000 0.000000000 0.000000000 0.996124327 -0.011096505 0.087253377 -0.495575392 0.011096083 0.999938309 0.000489863 0.059754094 -0.087253429 0.000480207 0.996186018 -0.139562653
67133733 0.653522360 1.161817578 0.500000000 0.500000000 0.000000000 0.000000000 0.981158972 -0.020308953 0.192131773 -1.085144029 0.020183988 0.999792874 0.002607819 0.088882575 -0.192144945 0.001319301 0.981365681 -0.274831130
67300567 0.653522360 1.161817578 0.500000000 0.500000000 0.000000000 0.000000000 0.977326691 -0.021860369 0.210605398 -1.172902746 0.021712741 0.999759734 0.003013570 0.093522214 -0.210620672 0.001627578 0.977566481 -0.278579559
67834433 0.653522360 1.161817578 0.500000000 0.500000000 0.000000000 0.000000000 0.957146823 -0.028942313 0.288153172 -1.464795878 0.028825356 0.999573648 0.004649871 0.093937923 -0.288164884 0.003855509 0.957573056 -0.252079695
67867800 0.653522360 1.161817578 0.500000000 0.500000000 0.000000000 0.000000000 0.955725551 -0.029491764 0.292777896 -1.483450241 0.029415920 0.999556363 0.004662697 0.093714043 -0.292785525 0.004156072 0.956169128 -0.248811648
