https://www.youtube.com/watch?v=lGiuS6cz4Js
62595867 0.485934018 0.863882745 0.500000000 0.500000000 0.000000000 0.000000000 0.989652157 -0.003705484 0.143439472 -0.260445072 0.003379394 0.999991119 0.002516924 0.024002094 -0.143447533 -0.002006141 0.989655912 -0.898403683
62762700 0.485934018 0.863882745 0.500000000 0.500000000 0.000000000 0.000000000 0.986006796 -0.006755645 0.166568309 -0.289809506 0.006606425 0.999977112 0.001449922 0.030596725 -0.166574299 -0.000329211 0.986028850 -0.945983412
63530133 0.485934018 0.863882745 0.500000000 0.500000000 0.000000000 0.000000000 0.961250246 -0.022149080 0.274786115 -0.409239145 0.022817312 0.999739349 0.000764821 0.052710667 -0.274731427 0.005534696 0.961505055 -1.096821827
64597867 0.485934018 0.863882745 0.500000000 0.500000000 0.000000000 0.000000000 0.898499787 -0.038238376 0.437305361 -0.588269995 0.039529789 0.999199450 0.006151897 0.049122065 -0.437190533 0.011759111 0.899292052 -1.238326690
64864800 0.485934018 0.863882745 0.500000000 0.500000000 0.000000000 0.000000000 0.877877235 -0.042044044 0.477036566 -0.637690372 0.042840552 0.999039471 0.009212946 0.044581407 -0.476965696 0.012348675 0.878835142 -1.277753777
65065000 0.485934018 0.863882745 0.500000000 0.500000000 0.000000000 0.000000000 0.861227512 -0.046568342 0.506081522 -0.674787001 0.048074879 0.998792708 0.010094636 0.049179796 -0.505940676 0.015636031 0.862426579 -1.301165831
65865800 0.485934018 0.863882745 0.500000000 0.500000000 0.000000000 0.000000000 0.778930128 -0.064731725 0.623760939 -0.864733538 0.066791967 0.997564137 0.020116316 0.055855443 -0.623543680 0.025993016 0.781356275 -1.335593518
66199467 0.485934018 0.863882745 0.500000000 0.500000000 0.000000000 0.000000000 0.731010258 -0.071341373 0.678626835 -0.988859677 0.073331550 0.996973455 0.025815861 0.055141692 -0.678414643 0.030893099 0.734029412 -1.319081427
67000267 0.485934018 0.863882745 0.500000000 0.500000000 0.000000000 0.000000000 0.586301804 -0.080342874 0.806098759 -1.340011184 0.085420027 0.995653808 0.037106834 0.054814230 -0.805576563 0.047101177 0.590616524 -1.215557091
67333933 0.485934018 0.863882745 0.500000000 0.500000000 0.000000000 0.000000000 0.517495930 -0.083041422 0.851646721 -1.482566839 0.086770721 0.995242059 0.044317469 0.042347889 -0.851274788 0.050963886 0.522239268 -1.152299810
