https://www.youtube.com/watch?v=YZGjq8bIWes
88171422 0.509807576 0.906324624 0.500000000 0.500000000 0.000000000 0.000000000 0.999994516 -0.002954349 0.001482472 -0.197828060 0.002954890 0.999995589 -0.000363167 -0.005161820 -0.001481393 0.000367546 0.999998808 -0.007370110
88630211 0.509807576 0.906324624 0.500000000 0.500000000 0.000000000 0.000000000 0.999986470 -0.004415940 0.002739524 -0.300187359 0.004413889 0.999989986 0.000754369 -0.009407072 -0.002742828 -0.000742267 0.999995947 -0.008560050
88713622 0.509807576 0.906324624 0.500000000 0.500000000 0.000000000 0.000000000 0.999983966 -0.004725419 0.003115745 -0.316121047 0.004723353 0.999988616 0.000669907 -0.010018111 -0.003118875 -0.000655180 0.999994934 -0.008687728
89047289 0.509807576 0.906324624 0.500000000 0.500000000 0.000000000 0.000000000 0.999972045 -0.006375224 0.003913078 -0.391958803 0.006373888 0.999979615 0.000353688 -0.012438126 -0.003915253 -0.000328737 0.999992311 -0.009970731
89089000 0.509807576 0.906324624 0.500000000 0.500000000 0.000000000 0.000000000 0.999968767 -0.006792851 0.004045354 -0.403920691 0.006790834 0.999976814 0.000512216 -0.012985068 -0.004048740 -0.000484729 0.999991715 -0.011080247
89214122 0.509807576 0.906324624 0.500000000 0.500000000 0.000000000 0.000000000 0.999964654 -0.007065922 0.004551305 -0.432958167 0.007068016 0.999974906 -0.000444107 -0.013484311 -0.004548052 0.000476260 0.999989569 -0.010468598
89547789 0.509807576 0.906324624 0.500000000 0.500000000 0.000000000 0.000000000 0.999947667 -0.008255236 0.006043907 -0.523972046 0.008266567 0.999964118 -0.001852253 -0.015706721 -0.006028399 0.001902119 0.999980032 -0.010780895
89672922 0.509807576 0.906324624 0.500000000 0.500000000 0.000000000 0.000000000 0.999942124 -0.008903316 0.006036302 -0.558926732 0.008921665 0.999955654 -0.003019713 -0.016730885 -0.006009149 0.003073392 0.999977231 -0.011977014
90006589 0.509807576 0.906324624 0.500000000 0.500000000 0.000000000 0.000000000 0.999914110 -0.010168422 0.008267204 -0.653322587 0.010196937 0.999942183 -0.003414483 -0.020509109 -0.008232007 0.003498490 0.999960005 -0.012415263
90048289 0.509807576 0.906324624 0.500000000 0.500000000 0.000000000 0.000000000 0.999913216 -0.010333971 0.008170965 -0.664939307 0.010363103 0.999940038 -0.003531027 -0.021081300 -0.008133986 0.003615397 0.999960363 -0.012893887
