https://www.youtube.com/watch?v=BvsPEiCRqMk
73306567 0.459539152 0.816958445 0.500000000 0.500000000 0.000000000 0.000000000 0.999654531 -0.001942807 0.026211103 -0.094842960 0.001921415 0.999997795 0.000841331 0.017537690 -0.026212681 -0.000790678 0.999656081 -0.237912847
74140733 0.459539152 0.816958445 0.500000000 0.500000000 0.000000000 0.000000000 0.998858273 -0.002984187 0.047677942 -0.199349660 0.002812114 0.999989271 0.003675733 0.016674964 -0.047688399 -0.003537460 0.998856008 -0.469284508
74174100 0.459539152 0.816958445 0.500000000 0.500000000 0.000000000 0.000000000 0.998818040 -0.003208348 0.048500042 -0.203369971 0.003033740 0.999988675 0.003673341 0.016808802 -0.048511278 -0.003521862 0.998816431 -0.478319896
74474400 0.459539152 0.816958445 0.500000000 0.500000000 0.000000000 0.000000000 0.998523951 -0.005808238 0.054001242 -0.235978812 0.005555317 0.999972880 0.004832546 0.015843368 -0.054027848 -0.004525419 0.998529196 -0.561832317
74507767 0.459539152 0.816958445 0.500000000 0.500000000 0.000000000 0.000000000 0.998495340 -0.005967234 0.054511439 -0.239499287 0.005712478 0.999972045 0.004828061 0.016205076 -0.054538723 -0.004509401 0.998501480 -0.571358512
74541133 0.459539152 0.816958445 0.500000000 0.500000000 0.000000000 0.000000000 0.998441100 -0.006310834 0.055457763 -0.244551094 0.006046191 0.999969542 0.004938448 0.016306196 -0.055487242 -0.004595441 0.998448849 -0.580861508
75241833 0.459539152 0.816958445 0.500000000 0.500000000 0.000000000 0.000000000 0.996981323 -0.013340346 0.076487087 -0.345682142 0.012925606 0.999898970 0.005914856 0.025057503 -0.076558270 -0.004908359 0.997053027 -0.764743549
75375300 0.459539152 0.816958445 0.500000000 0.500000000 0.000000000 0.000000000 0.996574700 -0.014213436 0.081466794 -0.366434817 0.013626752 0.999877095 0.007753014 0.020768578 -0.081566975 -0.006616330 0.996645927 -0.800553319
75875800 0.459539152 0.816958445 0.500000000 0.500000000 0.000000000 0.000000000 0.994652569 -0.011399646 0.102646820 -0.448563191 0.010615349 0.999910176 0.008183773 0.023458956 -0.102730893 -0.007050379 0.994684219 -0.927412736
76042633 0.459539152 0.816958445 0.500000000 0.500000000 0.000000000 0.000000000 0.994009793 -0.009116111 0.108910255 -0.474535993 0.008233129 0.999929488 0.008554365 0.024880029 -0.108980559 -0.007606451 0.994014800 -0.969649164
