https://www.youtube.com/watch?v=9y7z98Qf7rk
138971000 0.497600334 0.884622802 0.500000000 0.500000000 0.000000000 0.000000000 0.990453005 0.038654905 0.132320240 0.008054035 -0.037524801 0.999234855 -0.011024592 0.025578625 -0.132645145 0.005954050 0.991145730 -0.686437031
139138000 0.497600334 0.884622802 0.500000000 0.500000000 0.000000000 0.000000000 0.988634467 0.041101389 0.144611686 0.007705173 -0.038120404 0.999000847 -0.023325752 0.027695156 -0.145425916 0.017547987 0.989213526 -0.813711599
139372000 0.497600334 0.884622802 0.500000000 0.500000000 0.000000000 0.000000000 0.986417294 0.044876635 0.158009484 0.004033568 -0.037840106 0.998165429 -0.047264054 0.088847519 -0.159840643 0.040642988 0.986305773 -0.994292223
139605000 0.497600334 0.884622802 0.500000000 0.500000000 0.000000000 0.000000000 0.984711289 0.046878044 0.167768210 0.004129641 -0.033458378 0.996075332 -0.081941761 0.201752479 -0.170951054 0.075075723 0.982415080 -1.142819113
140440000 0.497600334 0.884622802 0.500000000 0.500000000 0.000000000 0.000000000 0.984116495 0.044777423 0.171783939 0.136532293 -0.011070913 0.981263101 -0.192354232 0.607121930 -0.177178368 0.187397152 0.966172934 -1.535910201
140473000 0.497600334 0.884622802 0.500000000 0.500000000 0.000000000 0.000000000 0.984081089 0.044818711 0.171976000 0.140758874 -0.010317112 0.980453610 -0.196479693 0.629208436 -0.177420452 0.191577658 0.965308249 -1.547277646
140807000 0.497600334 0.884622802 0.500000000 0.500000000 0.000000000 0.000000000 0.985073864 0.043048363 0.166662455 0.175647052 -0.003242013 0.972691119 -0.232080713 0.782097754 -0.172101781 0.228076309 0.958312154 -1.679540656
141274000 0.497600334 0.884622802 0.500000000 0.500000000 0.000000000 0.000000000 0.986668408 0.040595453 0.157599032 0.195769079 0.002330188 0.964765906 -0.263099521 0.977250964 -0.162726820 0.259959221 0.951809406 -1.898493314
141774000 0.497600334 0.884622802 0.500000000 0.500000000 0.000000000 0.000000000 0.988017917 0.036868282 0.149870887 0.246339656 0.006932929 0.959467411 -0.281734347 1.150887736 -0.154183283 0.279397637 0.947715402 -2.113355469
142008000 0.497600334 0.884622802 0.500000000 0.500000000 0.000000000 0.000000000 0.989739597 0.032339294 0.139174923 0.304355711 0.009138059 0.957728863 -0.287527204 1.255418799 -0.142590269 0.285848856 0.947606683 -2.213182192
