https://www.youtube.com/watch?v=yuFBVCyylH4
41675008 0.477683792 0.849215637 0.500000000 0.500000000 0.000000000 0.000000000 0.995368421 -0.007191938 0.095864184 0.016838847 0.008016203 0.999934137 -0.008215906 -0.008047117 -0.095798776 0.008946320 0.995360494 -0.195629670
42142142 0.477683792 0.849215637 0.500000000 0.500000000 0.000000000 0.000000000 0.969813108 -0.023985600 0.242666885 -0.008729893 0.026379196 0.999630094 -0.006618788 0.007388807 -0.242418364 0.012820345 0.970087111 -0.249845738
42242242 0.477683792 0.849215637 0.500000000 0.500000000 0.000000000 0.000000000 0.960347116 -0.027931599 0.277404547 -0.013998139 0.030835977 0.999505758 -0.006111820 0.011220093 -0.277096719 0.014423509 0.960733771 -0.259285245
42509176 0.477683792 0.849215637 0.500000000 0.500000000 0.000000000 0.000000000 0.927586198 -0.038700033 0.371599495 -0.031570207 0.043133594 0.999062717 -0.003623159 0.024285236 -0.371111006 0.019389214 0.928386092 -0.285053216
43810477 0.477683792 0.849215637 0.500000000 0.500000000 0.000000000 0.000000000 0.610363483 -0.087755658 0.787245452 -0.101221870 0.100866936 0.994364381 0.032639891 0.102594670 -0.785673141 0.059484839 0.615775347 -0.441301236
44544545 0.477683792 0.849215637 0.500000000 0.500000000 0.000000000 0.000000000 0.406051517 -0.103231162 0.908000827 -0.154479866 0.120092168 0.991010129 0.058964174 0.147425261 -0.905924976 0.085101292 0.414798439 -0.527647783
45311979 0.477683792 0.849215637 0.500000000 0.500000000 0.000000000 0.000000000 0.238269731 -0.110077120 0.964940727 -0.237103552 0.127390936 0.988514125 0.081310056 0.184767942 -0.962807894 0.103550978 0.249555826 -0.631682375
45845846 0.477683792 0.849215637 0.500000000 0.500000000 0.000000000 0.000000000 0.163302764 -0.113605931 0.980013192 -0.276779251 0.128794163 0.987301886 0.092989467 0.245058001 -0.978133082 0.111034542 0.175860897 -0.691096640
46312980 0.477683792 0.849215637 0.500000000 0.500000000 0.000000000 0.000000000 0.118402913 -0.114801779 0.986306906 -0.295011477 0.129811972 0.986559033 0.099247627 0.306958657 -0.984443784 0.116283230 0.131714106 -0.762734786
46579913 0.477683792 0.849215637 0.500000000 0.500000000 0.000000000 0.000000000 0.103668489 -0.115560763 0.987875760 -0.291847719 0.129556268 0.986334145 0.101784684 0.349035731 -0.986137927 0.117433630 0.117223389 -0.802118540
