https://www.youtube.com/watch?v=asD4mElW-ko
81682000 0.613276522 1.090269458 0.500000000 0.500000000 0.000000000 0.000000000 0.995270669 -0.023455573 0.094266362 -0.137186431 0.023106636 0.999721527 0.004791574 0.002639677 -0.094352499 -0.002590735 0.995535493 0.020128921
81715000 0.613276522 1.090269458 0.500000000 0.500000000 0.000000000 0.000000000 0.994831383 -0.024590496 0.098518357 -0.144657873 0.024245884 0.999695003 0.004693845 0.003430274 -0.098603733 -0.002280920 0.995124161 0.020914836
81815000 0.613276522 1.090269458 0.500000000 0.500000000 0.000000000 0.000000000 0.993366599 -0.027620535 0.111624047 -0.167137428 0.027277019 0.999617338 0.004603715 0.005792287 -0.111708485 -0.001528406 0.993739843 0.023296356
82416000 0.613276522 1.090269458 0.500000000 0.500000000 0.000000000 0.000000000 0.982545614 -0.044656206 0.180582315 -0.303250657 0.044449747 0.998998106 0.005191885 0.019721106 -0.180633232 0.002925574 0.983546197 0.039561972
82616000 0.613276522 1.090269458 0.500000000 0.500000000 0.000000000 0.000000000 0.978866458 -0.049227130 0.198487282 -0.349173153 0.049121067 0.998777926 0.005461328 0.024702193 -0.198513553 0.004403997 0.980088234 0.045831454
82849000 0.613276522 1.090269458 0.500000000 0.500000000 0.000000000 0.000000000 0.974592865 -0.054068457 0.217360049 -0.403309398 0.054118767 0.998518109 0.005725846 0.030765943 -0.217347533 0.006182890 0.976074696 0.053939948
82950000 0.613276522 1.090269458 0.500000000 0.500000000 0.000000000 0.000000000 0.972460687 -0.056270082 0.226172164 -0.426260107 0.056392372 0.998391092 0.005925495 0.032996867 -0.226141706 0.006992074 0.974069297 0.058052445
82983000 0.613276522 1.090269458 0.500000000 0.500000000 0.000000000 0.000000000 0.971806943 -0.056979235 0.228789374 -0.433545317 0.057167422 0.998347700 0.005810543 0.033814152 -0.228742421 0.007432572 0.973458588 0.059192314
83083000 0.613276522 1.090269458 0.500000000 0.500000000 0.000000000 0.000000000 0.969445646 -0.059088133 0.238083392 -0.456353149 0.059354085 0.998218596 0.006058013 0.035937774 -0.238017231 0.008258307 0.971225798 0.063874776
83116000 0.613276522 1.090269458 0.500000000 0.500000000 0.000000000 0.000000000 0.968651474 -0.059983801 0.241073042 -0.463917368 0.060264487 0.998163104 0.006215250 0.036469631 -0.241003022 0.008507732 0.970487058 0.065380327
