https://www.youtube.com/watch?v=yjmO2CzzE6U
169569400 0.341475157 0.607066956 0.500000000 0.500000000 0.000000000 0.000000000 0.999864936 0.016009133 0.003714941 -0.140832483 -0.015976893 0.999835789 -0.008551553 0.131820632 -0.003851234 0.008491045 0.999956548 -0.291119892
169936433 0.341475157 0.607066956 0.500000000 0.500000000 0.000000000 0.000000000 0.999836981 0.017035209 0.005989198 -0.178887255 -0.016972531 0.999802232 -0.010364571 0.172055799 -0.006164576 0.010261228 0.999928355 -0.333614502
170770600 0.341475157 0.607066956 0.500000000 0.500000000 0.000000000 0.000000000 0.999572635 0.026898993 0.011447192 -0.308239743 -0.026683455 0.999471188 -0.018582530 0.296930081 -0.011940990 0.018269138 0.999761820 -0.414896001
170870700 0.341475157 0.607066956 0.500000000 0.500000000 0.000000000 0.000000000 0.999557197 0.027001482 0.012502186 -0.322830983 -0.026749996 0.999444783 -0.019863565 0.312487936 -0.013031590 0.019520335 0.999724507 -0.422771130
171037533 0.341475157 0.607066956 0.500000000 0.500000000 0.000000000 0.000000000 0.999517858 0.027487474 0.014440660 -0.348765392 -0.027173253 0.999399006 -0.021522822 0.337796323 -0.015023590 0.021120043 0.999664068 -0.435301051
171838333 0.341475157 0.607066956 0.500000000 0.500000000 0.000000000 0.000000000 0.999344945 0.025885746 0.025291577 -0.455441459 -0.025173761 0.999288797 -0.028075194 0.432868321 -0.026000338 0.027420118 0.999285817 -0.472860567
172071900 0.341475157 0.607066956 0.500000000 0.500000000 0.000000000 0.000000000 0.999210954 0.028135587 0.028033728 -0.502599665 -0.027269498 0.999153137 -0.030812167 0.464704706 -0.028876906 0.030023389 0.999131978 -0.482035612
172272100 0.341475157 0.607066956 0.500000000 0.500000000 0.000000000 0.000000000 0.999100149 0.029414203 0.030556239 -0.539352446 -0.028409908 0.999058187 -0.032797098 0.489805341 -0.031492162 0.031899486 0.998994827 -0.490097537
172805967 0.341475157 0.607066956 0.500000000 0.500000000 0.000000000 0.000000000 0.998829246 0.030788278 0.037312549 -0.625524262 -0.029380990 0.998857260 -0.037695169 0.538621964 -0.038430478 0.036554758 0.998592436 -0.505739223
173039533 0.341475157 0.607066956 0.500000000 0.500000000 0.000000000 0.000000000 0.998692691 0.031529322 0.040234655 -0.664448939 -0.029940853 0.998771310 -0.039490104 0.557576045 -0.041430313 0.038233820 0.998409569 -0.511533908
