https://www.youtube.com/watch?v=LAUs32rjR5E
30764067 0.497479092 0.884407252 0.500000000 0.500000000 0.000000000 0.000000000 0.996585488 0.007425504 -0.082233071 0.015740763 -0.006848165 0.999949872 0.007300590 0.043083851 0.082283162 -0.006712516 0.996586382 -0.321634127
31197833 0.497479092 0.884407252 0.500000000 0.500000000 0.000000000 0.000000000 0.992850959 0.011966347 -0.118759558 0.052079066 -0.011262540 0.999914825 0.006595710 0.075395730 0.118828364 -0.005211022 0.992901146 -0.527335240
31631600 0.497479092 0.884407252 0.500000000 0.500000000 0.000000000 0.000000000 0.987673640 0.017070323 -0.155593842 0.105625957 -0.016280068 0.999847293 0.006351940 0.101023276 0.155678511 -0.003740565 0.987800717 -0.726957590
31698333 0.497479092 0.884407252 0.500000000 0.500000000 0.000000000 0.000000000 0.986500382 0.017901687 -0.162777483 0.120112963 -0.017245587 0.999836445 0.005442903 0.107467850 0.162848294 -0.002562233 0.986647785 -0.759292783
32499133 0.497479092 0.884407252 0.500000000 0.500000000 0.000000000 0.000000000 0.972152293 0.026504345 -0.232846394 0.241930071 -0.027942497 0.999605358 -0.002879479 0.178575163 0.232678190 0.009305602 0.972509265 -1.150570497
32599233 0.497479092 0.884407252 0.500000000 0.500000000 0.000000000 0.000000000 0.969825327 0.027909480 -0.242198154 0.258103029 -0.029798172 0.999547362 -0.004137821 0.187513701 0.241973042 0.011230025 0.970218003 -1.192570408
32665967 0.497479092 0.884407252 0.500000000 0.500000000 0.000000000 0.000000000 0.968229711 0.028813360 -0.248396829 0.268635542 -0.031178974 0.999498188 -0.005593910 0.195915820 0.248110995 0.013160948 0.968642235 -1.218766136
32732700 0.497479092 0.884407252 0.500000000 0.500000000 0.000000000 0.000000000 0.966405153 0.030070078 -0.255258352 0.281206401 -0.032519300 0.999456644 -0.005379181 0.197772727 0.254957885 0.013499291 0.966857910 -1.242589057
33033000 0.497479092 0.884407252 0.500000000 0.500000000 0.000000000 0.000000000 0.960043788 0.031131519 -0.278112799 0.305917818 -0.034678388 0.999367774 -0.007841900 0.221263976 0.277692854 0.017173070 0.960516393 -1.352803939
33233200 0.497479092 0.884407252 0.500000000 0.500000000 0.000000000 0.000000000 0.953455508 0.033311035 -0.299688160 0.349055339 -0.036926184 0.999297440 -0.006406118 0.225719009 0.299264222 0.017174289 0.954015732 -1.408359979
