https://www.youtube.com/watch?v=WzmvoIeZfXQ
226893000 0.499201689 0.887469724 0.500000000 0.500000000 0.000000000 0.000000000 0.992188632 -0.019918229 0.123146288 0.118154195 0.018812111 0.999771655 0.010138497 0.034521300 -0.123320110 -0.007742659 0.992336750 -0.460710912
227360000 0.499201689 0.887469724 0.500000000 0.500000000 0.000000000 0.000000000 0.991342604 -0.023051884 0.129261136 0.197902032 0.021821944 0.999702215 0.010923597 0.066258144 -0.129474446 -0.008008298 0.991550446 -0.716697470
228228000 0.499201689 0.887469724 0.500000000 0.500000000 0.000000000 0.000000000 0.994041204 -0.020716846 0.107018232 0.249829715 0.019468423 0.999729872 0.012697230 0.080967048 -0.107252367 -0.010538094 0.994175971 -1.254305498
229129000 0.499201689 0.887469724 0.500000000 0.500000000 0.000000000 0.000000000 0.993095636 0.008649159 -0.116988480 0.622761554 -0.006348210 0.999779284 0.020026509 0.105813744 0.117135875 -0.019145571 0.992931306 -1.634753190
229162000 0.499201689 0.887469724 0.500000000 0.500000000 0.000000000 0.000000000 0.991727471 0.010007794 -0.127970636 0.641678293 -0.007482730 0.999768019 0.020197155 0.104336021 0.128143087 -0.019072503 0.991572261 -1.644962761
230097000 0.499201689 0.887469724 0.500000000 0.500000000 0.000000000 0.000000000 0.904194891 0.053033121 -0.423814893 1.199151794 -0.043900888 0.998545766 0.031289693 0.109770972 0.424857974 -0.009686130 0.905208170 -1.847480835
232132000 0.499201689 0.887469724 0.500000000 0.500000000 0.000000000 0.000000000 0.288814574 0.133528665 -0.948027551 2.571972356 -0.101575412 0.988910735 0.108342282 0.087058067 0.951981366 0.065005459 0.299175054 -1.002008755
232466000 0.499201689 0.887469724 0.500000000 0.500000000 0.000000000 0.000000000 0.165602580 0.137865975 -0.976508439 2.717642799 -0.105631709 0.986963570 0.121428356 0.111287682 0.980519116 0.083041415 0.178006738 -0.754859127
233066000 0.499201689 0.887469724 0.500000000 0.500000000 0.000000000 0.000000000 0.005930671 0.139800504 -0.990161955 2.835066176 -0.109627858 0.984301925 0.138316512 0.167452878 0.993955016 0.107729018 0.021163601 -0.368100727
233266000 0.499201689 0.887469724 0.500000000 0.500000000 0.000000000 0.000000000 -0.020284582 0.139838919 -0.989966452 2.847736412 -0.110582702 0.983781099 0.141231060 0.186078120 0.993659914 0.112337977 -0.004491822 -0.295533408
