https://www.youtube.com/watch?v=WI6avsej2lA
38972000 0.527118798 0.937100126 0.500000000 0.500000000 0.000000000 0.000000000 0.999996006 0.002817637 -0.000258001 -0.057744163 -0.002819351 0.999972224 -0.006902167 0.060299044 0.000238546 0.006902867 0.999976158 -0.359781678
39505000 0.527118798 0.937100126 0.500000000 0.500000000 0.000000000 0.000000000 0.999987781 0.004919312 0.000543932 -0.085759525 -0.004913855 0.999941707 -0.009617057 0.091099255 -0.000591210 0.009614266 0.999953628 -0.555679229
39539000 0.527118798 0.937100126 0.500000000 0.500000000 0.000000000 0.000000000 0.999987900 0.004888438 0.000519940 -0.087415069 -0.004883068 0.999939322 -0.009872273 0.093101599 -0.000568169 0.009869615 0.999951124 -0.567409231
39772000 0.527118798 0.937100126 0.500000000 0.500000000 0.000000000 0.000000000 0.999985158 0.005337684 0.001084563 -0.098833401 -0.005325297 0.999924004 -0.011119778 0.105892927 -0.001143834 0.011113837 0.999937594 -0.647609508
39906000 0.527118798 0.937100126 0.500000000 0.500000000 0.000000000 0.000000000 0.999983966 0.005503299 0.001344258 -0.104695195 -0.005486622 0.999911606 -0.012109670 0.112796780 -0.001410782 0.012102100 0.999925792 -0.689590234
40006000 0.527118798 0.937100126 0.500000000 0.500000000 0.000000000 0.000000000 0.999982595 0.005766817 0.001230879 -0.108568411 -0.005750847 0.999903977 -0.012606288 0.117398846 -0.001303459 0.012598990 0.999919772 -0.719025071
40039000 0.527118798 0.937100126 0.500000000 0.500000000 0.000000000 0.000000000 0.999982119 0.005810306 0.001435595 -0.109833916 -0.005791522 0.999901831 -0.012759588 0.119104241 -0.001509592 0.012751045 0.999917567 -0.727831937
40139000 0.527118798 0.937100126 0.500000000 0.500000000 0.000000000 0.000000000 0.999980569 0.005961789 0.001824186 -0.113837492 -0.005937289 0.999895871 -0.013153741 0.123289479 -0.001902416 0.013142655 0.999911845 -0.754144137
40473000 0.527118798 0.937100126 0.500000000 0.500000000 0.000000000 0.000000000 0.999978840 0.006345845 0.001451237 -0.122788579 -0.006323785 0.999871492 -0.014731486 0.134723869 -0.001544534 0.014721997 0.999890447 -0.821394386
40907000 0.527118798 0.937100126 0.500000000 0.500000000 0.000000000 0.000000000 0.999974966 0.006696539 0.002292581 -0.131025206 -0.006658491 0.999846280 -0.016220208 0.144354438 -0.002400848 0.016204536 0.999865830 -0.878300469
