https://www.youtube.com/watch?v=Ru59j6RlvgY
139639500 0.506035046 0.899617845 0.500000000 0.500000000 0.000000000 0.000000000 0.966038704 0.015831465 -0.257911980 0.254063131 -0.014680905 0.999871850 0.006386340 -0.216850682 0.257980049 -0.002383070 0.966147304 -2.485675073
139873067 0.506035046 0.899617845 0.500000000 0.500000000 0.000000000 0.000000000 0.965735912 0.016193027 -0.259021223 0.282981706 -0.014784166 0.999863446 0.007386327 -0.195509570 0.259105444 -0.003303829 0.965843379 -2.403929070
140540400 0.506035046 0.899617845 0.500000000 0.500000000 0.000000000 0.000000000 0.965496004 0.017260326 -0.259845316 0.378267992 -0.016029423 0.999848008 0.006855460 -0.161701669 0.259924173 -0.002453748 0.965625942 -2.100626020
141741600 0.506035046 0.899617845 0.500000000 0.500000000 0.000000000 0.000000000 0.995855510 0.003295393 0.090889558 0.131922719 -0.003616960 0.999987781 0.003373507 -0.221600508 -0.090877332 -0.003688269 0.995855272 -1.963502880
142308833 0.506035046 0.899617845 0.500000000 0.500000000 0.000000000 0.000000000 0.947473228 0.000161130 0.319835097 -0.199476285 -0.001619996 0.999989450 0.004295261 -0.238921021 -0.319831014 -0.004587776 0.947463512 -2.123813204
142542400 0.506035046 0.899617845 0.500000000 0.500000000 0.000000000 0.000000000 0.921682835 -0.002051542 0.387938797 -0.319614686 0.000926733 0.999994814 0.003086511 -0.249115509 -0.387943119 -0.002485269 0.921679974 -2.204218591
142942800 0.506035046 0.899617845 0.500000000 0.500000000 0.000000000 0.000000000 0.874585271 -0.005413832 0.484841555 -0.513436307 0.003057388 0.999979377 0.005650864 -0.273157636 -0.484862149 -0.003459814 0.874583721 -2.333545270
143510033 0.506035046 0.899617845 0.500000000 0.500000000 0.000000000 0.000000000 0.828841388 -0.007877633 0.559428215 -0.653333940 0.005136885 0.999965847 0.006470359 -0.309617805 -0.559460104 -0.002489183 0.828853548 -2.553962124
143543400 0.506035046 0.899617845 0.500000000 0.500000000 0.000000000 0.000000000 0.826839626 -0.007938458 0.562381744 -0.659756111 0.005505189 0.999966741 0.006021329 -0.310281595 -0.562410772 -0.001882656 0.826855838 -2.565548767
143810333 0.506035046 0.899617845 0.500000000 0.500000000 0.000000000 0.000000000 0.812959373 -0.008175173 0.582262993 -0.705293836 0.004972599 0.999962449 0.007097042 -0.332196672 -0.582299173 -0.002874247 0.812969506 -2.640490130
