https://www.youtube.com/watch?v=gEjDQd09Ll0
71838433 0.484061970 0.860554668 0.500000000 0.500000000 0.000000000 0.000000000 0.992511153 0.025721770 -0.119415246 -0.346681476 -0.024332996 0.999618411 0.013073580 -0.087244406 0.119705953 -0.010069944 0.992758334 0.134487484
71871800 0.484061970 0.860554668 0.500000000 0.500000000 0.000000000 0.000000000 0.992088675 0.026322579 -0.122748390 -0.351956749 -0.024926588 0.999606133 0.012894882 -0.086275412 0.123039469 -0.009733167 0.992354035 0.130705928
72038633 0.484061970 0.860554668 0.500000000 0.500000000 0.000000000 0.000000000 0.990001261 0.028283764 -0.138193995 -0.379697221 -0.026758250 0.999558866 0.012884679 -0.083489717 0.138497472 -0.009058019 0.990321338 0.108384074
72172100 0.484061970 0.860554668 0.500000000 0.500000000 0.000000000 0.000000000 0.988404155 0.029037129 -0.149043858 -0.402322284 -0.027539464 0.999547422 0.012102934 -0.079272234 0.149327844 -0.007858003 0.988756537 0.088400034
72372300 0.484061970 0.860554668 0.500000000 0.500000000 0.000000000 0.000000000 0.986369073 0.030274874 -0.161738977 -0.441147453 -0.028489973 0.999504983 0.013344095 -0.077667106 0.162062913 -0.008554263 0.986743331 0.054149262
72439033 0.484061970 0.860554668 0.500000000 0.500000000 0.000000000 0.000000000 0.985514760 0.030482931 -0.166827515 -0.451169623 -0.028609820 0.999497831 0.013620201 -0.075696128 0.167158931 -0.008650004 0.985891998 0.039597678
72505767 0.484061970 0.860554668 0.500000000 0.500000000 0.000000000 0.000000000 0.984735370 0.030837895 -0.171304643 -0.461336564 -0.028808311 0.999482334 0.014321675 -0.074908308 0.171657622 -0.009168062 0.985113978 0.024609855
72539133 0.484061970 0.860554668 0.500000000 0.500000000 0.000000000 0.000000000 0.984274626 0.031262595 -0.173856691 -0.465617936 -0.028946927 0.999455452 0.015839757 -0.076860134 0.174257219 -0.010558055 0.984643579 0.015808447
72572500 0.484061970 0.860554668 0.500000000 0.500000000 0.000000000 0.000000000 0.983825326 0.031784166 -0.176288113 -0.469882364 -0.029384008 0.999436736 0.016209453 -0.076036958 0.176704019 -0.010767221 0.984205127 0.008057054
72605867 0.484061970 0.860554668 0.500000000 0.500000000 0.000000000 0.000000000 0.983255744 0.031887345 -0.179419398 -0.471875088 -0.029329801 0.999427080 0.016889919 -0.076115706 0.179855183 -0.011344774 0.983627677 -0.001381993
