https://www.youtube.com/watch?v=Qs50iFtXqUw
277310367 0.487565082 0.866782437 0.500000000 0.500000000 0.000000000 0.000000000 0.999825060 0.004192643 0.018228319 -0.351219668 -0.004255288 0.999985158 0.003399272 -0.009277788 -0.018213797 -0.003476245 0.999828100 -0.626022802
277477200 0.487565082 0.866782437 0.500000000 0.500000000 0.000000000 0.000000000 0.999826193 0.004848416 0.018000795 -0.403529980 -0.004913771 0.999981463 0.003588188 -0.006856215 -0.017983064 -0.003676016 0.999831557 -0.739681114
277844233 0.487565082 0.866782437 0.500000000 0.500000000 0.000000000 0.000000000 0.999805987 0.004736586 0.019120935 -0.521614865 -0.004794633 0.999984026 0.002991125 -0.011668669 -0.019106463 -0.003082222 0.999812722 -0.980237421
278278000 0.487565082 0.866782437 0.500000000 0.500000000 0.000000000 0.000000000 0.999821305 0.004306772 0.018406214 -0.667174737 -0.004367871 0.999985099 0.003280564 -0.019288722 -0.018391810 -0.003360373 0.999825180 -1.278729838
278611667 0.487565082 0.866782437 0.500000000 0.500000000 0.000000000 0.000000000 0.999820054 0.003392547 0.018665176 -0.759254029 -0.003448604 0.999989629 0.002971929 -0.019238366 -0.018654900 -0.003035763 0.999821365 -1.497367727
278811867 0.487565082 0.866782437 0.500000000 0.500000000 0.000000000 0.000000000 0.999810338 0.003705448 0.019118831 -0.792637174 -0.003781836 0.999984980 0.003960785 -0.027114344 -0.019103868 -0.004032338 0.999809384 -1.635469685
279712767 0.487565082 0.866782437 0.500000000 0.500000000 0.000000000 0.000000000 0.999984205 0.001702676 0.005351369 -0.864973801 -0.001729593 0.999985874 0.005029266 -0.058412931 -0.005342730 -0.005038442 0.999973059 -2.236194706
281281000 0.487565082 0.866782437 0.500000000 0.500000000 0.000000000 0.000000000 0.982857704 0.001020741 -0.184363022 -0.470875320 0.000373109 0.999971628 0.007525505 -0.076915140 0.184365481 -0.007465288 0.982829392 -3.242137060
282115167 0.487565082 0.866782437 0.500000000 0.500000000 0.000000000 0.000000000 0.952654004 0.001726832 -0.304051638 -0.053929496 0.000731217 0.999967992 0.007970272 -0.118296851 0.304055661 -0.007815239 0.952622235 -3.735383962
285518567 0.487565082 0.866782437 0.500000000 0.500000000 0.000000000 0.000000000 0.566921771 0.000056810 -0.823771656 2.654706255 0.010989455 0.999910474 0.007631928 -0.284367983 0.823698342 -0.013379507 0.566870391 -4.245362996
