https://www.youtube.com/watch?v=LGfI1TFvLG0
220320100 0.512860803 0.911752524 0.500000000 0.500000000 0.000000000 0.000000000 0.924324393 0.025774265 -0.380736232 -0.134640930 -0.014291782 0.999354601 0.032955591 -0.003047225 0.381339908 -0.025020259 0.924096227 -0.026201377
220987433 0.512860803 0.911752524 0.500000000 0.500000000 0.000000000 0.000000000 0.892260194 0.030022755 -0.450522304 -0.163872064 -0.013121496 0.999089658 0.040592074 -0.003185605 0.451330870 -0.030307166 0.891841888 -0.038666391
221054167 0.512860803 0.911752524 0.500000000 0.500000000 0.000000000 0.000000000 0.888313174 0.030354144 -0.458233953 -0.166078564 -0.012892750 0.999068260 0.041186523 -0.003217932 0.459057212 -0.030678634 0.887876868 -0.039788735
221588033 0.512860803 0.911752524 0.500000000 0.500000000 0.000000000 0.000000000 0.850565076 0.033870298 -0.524777889 -0.182701175 -0.011061979 0.998855233 0.046538915 0.000050631 0.525753379 -0.033779293 0.849966049 -0.050268508
222021800 0.512860803 0.911752524 0.500000000 0.500000000 0.000000000 0.000000000 0.814772725 0.033393424 -0.578818023 -0.193265463 -0.005281955 0.998726010 0.050183799 0.003571246 0.579756439 -0.037831102 0.813911080 -0.060348075
222088533 0.512860803 0.911752524 0.500000000 0.500000000 0.000000000 0.000000000 0.809900522 0.033092782 -0.585632980 -0.196135098 -0.003866231 0.998686731 0.051086709 0.003106881 0.586554468 -0.039110962 0.808964908 -0.062342818
222355467 0.512860803 0.911752524 0.500000000 0.500000000 0.000000000 0.000000000 0.790737331 0.031912968 -0.611323178 -0.205265244 0.000823314 0.998583853 0.053194121 0.004188327 0.612155080 -0.042565886 0.789591253 -0.074949416
222388833 0.512860803 0.911752524 0.500000000 0.500000000 0.000000000 0.000000000 0.788518250 0.031786844 -0.614189386 -0.206681025 0.001474982 0.998562813 0.053573392 0.003973676 0.615009606 -0.043149516 0.787338078 -0.077575206
222722500 0.512860803 0.911752524 0.500000000 0.500000000 0.000000000 0.000000000 0.768657386 0.031366125 -0.638891220 -0.221446553 0.002854103 0.998618901 0.052460626 0.012658251 0.639654338 -0.042147711 0.767506301 -0.122877092
223189633 0.512860803 0.911752524 0.500000000 0.500000000 0.000000000 0.000000000 0.753251791 0.031343199 -0.656985044 -0.251098922 -0.000414526 0.998886347 0.047179233 0.029368592 0.657732129 -0.035265505 0.752425909 -0.240455710
