https://www.youtube.com/watch?v=PWzZe1iefw4
298297000 0.484023213 0.860485688 0.500000000 0.500000000 0.000000000 0.000000000 0.944582582 -0.032309290 0.326680064 -0.557209861 0.028513715 0.999458849 0.016402123 0.059084754 -0.327033192 -0.006178298 0.944992661 -1.640203259
298731000 0.484023213 0.860485688 0.500000000 0.500000000 0.000000000 0.000000000 0.902793527 -0.043665063 0.427851915 -0.765965223 0.036570024 0.999023497 0.024791854 0.067831557 -0.428516656 -0.006735370 0.903508782 -1.924570367
298965000 0.484023213 0.860485688 0.500000000 0.500000000 0.000000000 0.000000000 0.880485654 -0.047279876 0.471709311 -0.839541673 0.039680928 0.998872757 0.026050141 0.057047314 -0.472409219 -0.004218912 0.881369233 -2.096922803
299532000 0.484023213 0.860485688 0.500000000 0.500000000 0.000000000 0.000000000 0.837985814 -0.055179171 0.542895019 -0.906356685 0.044566680 0.998471320 0.032692458 0.071424251 -0.543869078 -0.003200788 0.839164019 -2.519699161
300533000 0.484023213 0.860485688 0.500000000 0.500000000 0.000000000 0.000000000 0.797825634 -0.059248913 0.599969864 -0.907440652 0.061627813 0.997961164 0.016600607 0.170587719 -0.599730194 0.023730444 0.799850345 -3.361560754
302368000 0.484023213 0.860485688 0.500000000 0.500000000 0.000000000 0.000000000 0.789442003 -0.054363471 0.611413121 -0.517240292 0.057141818 0.998253703 0.014979050 0.284858469 -0.611159682 0.023112165 0.791169822 -5.072080859
302402000 0.484023213 0.860485688 0.500000000 0.500000000 0.000000000 0.000000000 0.788736999 -0.054258265 0.612331569 -0.510427795 0.056989234 0.998261392 0.015048077 0.288161623 -0.612083435 0.023027334 0.790457845 -5.098002394
302469000 0.484023213 0.860485688 0.500000000 0.500000000 0.000000000 0.000000000 0.786751986 -0.054367378 0.614870310 -0.502318074 0.056799646 0.998263896 0.015589882 0.289522688 -0.614650428 0.022659048 0.788474083 -5.150538940
302936000 0.484023213 0.860485688 0.500000000 0.500000000 0.000000000 0.000000000 0.731615543 -0.059825234 0.679087341 -0.757188990 0.060551159 0.997907460 0.022677315 0.248923677 -0.679023027 0.024528449 0.733707130 -5.508544936
303403000 0.484023213 0.860485688 0.500000000 0.500000000 0.000000000 0.000000000 0.580965102 -0.077039242 0.810274363 -1.673957180 0.074418128 0.996368408 0.041375045 0.251352656 -0.810519278 0.036261648 0.584588349 -5.643468368
