https://www.youtube.com/watch?v=guhqi9CId5c
70653917 0.477181721 0.848323000 0.500000000 0.500000000 0.000000000 0.000000000 0.999507904 -0.024692753 0.019344175 -0.110560678 0.024521204 0.999658287 0.009055907 -0.041243513 -0.019561181 -0.008577108 0.999771893 -0.640243466
70695625 0.477181721 0.848323000 0.500000000 0.500000000 0.000000000 0.000000000 0.999536633 -0.023645872 0.019166799 -0.113812658 0.023480663 0.999685585 0.008799338 -0.041510982 -0.019368840 -0.008345212 0.999777555 -0.655373808
70737333 0.477181721 0.848323000 0.500000000 0.500000000 0.000000000 0.000000000 0.999576449 -0.022325983 0.018668003 -0.115513481 0.022169519 0.999717712 0.008546839 -0.041912993 -0.018853551 -0.008129358 0.999789178 -0.670598614
70862458 0.477181721 0.848323000 0.500000000 0.500000000 0.000000000 0.000000000 0.999658227 -0.018367887 0.018602369 -0.121549541 0.018220607 0.999801517 0.008056005 -0.043081166 -0.018746650 -0.007714305 0.999794483 -0.709466866
70945875 0.477181721 0.848323000 0.500000000 0.500000000 0.000000000 0.000000000 0.999698877 -0.015674360 0.018881623 -0.125601683 0.015530610 0.999849439 0.007735929 -0.043689748 -0.019000035 -0.007440356 0.999791801 -0.730793126
70987583 0.477181721 0.848323000 0.500000000 0.500000000 0.000000000 0.000000000 0.999719679 -0.014437828 0.018765803 -0.126836220 0.014295496 0.999868214 0.007696840 -0.043873260 -0.018874455 -0.007426417 0.999794304 -0.739813114
71196125 0.477181721 0.848323000 0.500000000 0.500000000 0.000000000 0.000000000 0.999797285 -0.009358268 0.017826371 -0.132723608 0.009231050 0.999931455 0.007205477 -0.044450368 -0.017892580 -0.007039459 0.999815106 -0.777370847
71279542 0.477181721 0.848323000 0.500000000 0.500000000 0.000000000 0.000000000 0.999821484 -0.008198039 0.017022151 -0.133054621 0.008074928 0.999940813 0.007288542 -0.044365006 -0.017080896 -0.007149788 0.999828517 -0.789249990
71321250 0.477181721 0.848323000 0.500000000 0.500000000 0.000000000 0.000000000 0.999833703 -0.007839113 0.016466999 -0.133162430 0.007717140 0.999942422 0.007457611 -0.044357573 -0.016524512 -0.007329293 0.999836624 -0.794228012
71404667 0.477181721 0.848323000 0.500000000 0.500000000 0.000000000 0.000000000 0.999856353 -0.007398502 0.015249644 -0.133325207 0.007273811 0.999939799 0.008215971 -0.045243211 -0.015309513 -0.008103868 0.999849975 -0.802842613
