https://www.youtube.com/watch?v=a-Unpcomk5k
71871800 0.482507199 0.857790622 0.500000000 0.500000000 0.000000000 0.000000000 0.997485936 0.014738353 -0.069314741 0.003913108 -0.014499226 0.999887049 0.003951760 0.027251853 0.069365159 -0.002936815 0.997587025 -0.234488657
73840433 0.482507199 0.857790622 0.500000000 0.500000000 0.000000000 0.000000000 0.979479849 0.032121096 -0.198966056 -0.016300270 -0.032858677 0.999459922 -0.000405423 0.151009922 0.198845580 0.006934865 0.980006278 -1.043213518
74174100 0.482507199 0.857790622 0.500000000 0.500000000 0.000000000 0.000000000 0.977476835 0.032601763 -0.208509296 -0.039055417 -0.034128323 0.999410510 -0.003726946 0.179682081 0.208264872 0.010759076 0.978013277 -1.190382360
74274200 0.482507199 0.857790622 0.500000000 0.500000000 0.000000000 0.000000000 0.977118313 0.032280084 -0.210232779 -0.048588992 -0.033839811 0.999419928 -0.003824996 0.184482084 0.209987357 0.010851711 0.977643847 -1.228471826
75875800 0.482507199 0.857790622 0.500000000 0.500000000 0.000000000 0.000000000 0.981762826 0.022956703 -0.188718617 -0.298643959 -0.023868782 0.999711812 -0.002561460 0.283663795 0.188605428 0.007019230 0.982027888 -1.867878331
77710967 0.482507199 0.857790622 0.500000000 0.500000000 0.000000000 0.000000000 0.996653438 -0.007415287 -0.081405915 -0.767071010 0.008678933 0.999847114 0.015179917 0.336826673 0.081280909 -0.015835634 0.996565402 -2.523663492
78111367 0.482507199 0.857790622 0.500000000 0.500000000 0.000000000 0.000000000 0.997150660 -0.007140607 -0.075097196 -0.824118207 0.008691356 0.999755263 0.020343395 0.340416708 0.074933559 -0.020938126 0.996968687 -2.674975166
78244833 0.482507199 0.857790622 0.500000000 0.500000000 0.000000000 0.000000000 0.997306347 -0.006293747 -0.073077947 -0.845132215 0.007871016 0.999741793 0.021315496 0.345701578 0.072924927 -0.021833278 0.997098446 -2.725569284
79245833 0.482507199 0.857790622 0.500000000 0.500000000 0.000000000 0.000000000 0.997014523 0.001358430 -0.077202119 -0.902373538 0.000229790 0.999788582 0.020559626 0.421481057 0.077213727 -0.020515986 0.996803463 -3.118989397
80814067 0.482507199 0.857790622 0.500000000 0.500000000 0.000000000 0.000000000 0.989553154 0.018559363 -0.142969042 -0.657802296 -0.015196371 0.999582410 0.024578718 0.517131551 0.143365502 -0.022149337 0.989421904 -3.852376691
