https://www.youtube.com/watch?v=vLiTs3LK9vc
196112589 0.586081397 1.041922506 0.500000000 0.500000000 0.000000000 0.000000000 0.999982834 0.005711816 -0.001309953 0.003506257 -0.005737328 0.999775887 -0.020376788 -0.270393790 0.001193271 0.020383954 0.999791503 0.126581336
196696500 0.586081397 1.041922506 0.500000000 0.500000000 0.000000000 0.000000000 0.999959350 0.007193916 0.005436412 -0.009518585 -0.006330840 0.989436686 -0.144827381 -0.379825892 -0.006420861 0.144787073 0.989441991 0.071642469
196905044 0.586081397 1.041922506 0.500000000 0.500000000 0.000000000 0.000000000 0.999943376 0.007615842 0.007432430 -0.013366062 -0.006146913 0.983504057 -0.180781588 -0.413482330 -0.008686629 0.180725664 0.983495176 0.053766996
197614089 0.586081397 1.041922506 0.500000000 0.500000000 0.000000000 0.000000000 0.999895036 0.008950845 0.011392099 -0.018457789 -0.004995848 0.951112270 -0.308804870 -0.518659700 -0.013599230 0.308715522 0.951057196 -0.017383930
198698500 0.586081397 1.041922506 0.500000000 0.500000000 0.000000000 0.000000000 0.999905050 0.007942855 0.011258292 -0.022557702 -0.001289486 0.867471397 -0.497485429 -0.654877667 -0.013717701 0.497423679 0.867399275 -0.149736449
198907044 0.586081397 1.041922506 0.500000000 0.500000000 0.000000000 0.000000000 0.999909759 0.007786493 0.010946853 -0.022679207 -0.000904938 0.852073848 -0.523420811 -0.671400863 -0.013403140 0.523363709 0.852003992 -0.170804168
199157289 0.586081397 1.041922506 0.500000000 0.500000000 0.000000000 0.000000000 0.999914587 0.007770217 0.010506936 -0.022991375 -0.000727582 0.835877120 -0.548916161 -0.687541431 -0.013047705 0.548861623 0.835811377 -0.191965083
199199000 0.586081397 1.041922506 0.500000000 0.500000000 0.000000000 0.000000000 0.999915063 0.007834336 0.010417860 -0.023029517 -0.000761655 0.832978845 -0.553304315 -0.690293431 -0.013012629 0.553249359 0.832914054 -0.195685603
199282422 0.586081397 1.041922506 0.500000000 0.500000000 0.000000000 0.000000000 0.999918401 0.007719752 0.010179197 -0.022966807 -0.000670588 0.827398956 -0.561614215 -0.696606779 -0.012757779 0.561561525 0.827336609 -0.202844316
199532667 0.586081397 1.041922506 0.500000000 0.500000000 0.000000000 0.000000000 0.999920785 0.007764634 0.009905336 -0.023388255 -0.000507307 0.811243057 -0.584708869 -0.712034185 -0.012575685 0.584657550 0.811182737 -0.223434407
