https://www.youtube.com/watch?v=3C-rNRwBZy8
103703600 0.491383511 0.873570621 0.500000000 0.500000000 0.000000000 0.000000000 0.999682188 -0.018769929 -0.016830172 -0.061065498 0.019362168 0.999173343 0.035745386 0.125972742 0.016145321 -0.036059894 0.999219179 -0.035736442
103903800 0.491383511 0.873570621 0.500000000 0.500000000 0.000000000 0.000000000 0.999502659 -0.021500355 -0.023069242 -0.079376807 0.022458108 0.998861253 0.042093650 0.143997175 0.022137944 -0.042590804 0.998847306 -0.053902042
105004900 0.491383511 0.873570621 0.500000000 0.500000000 0.000000000 0.000000000 0.997483134 -0.025894480 -0.066007026 -0.191919597 0.029957589 0.997667968 0.061328277 0.264751674 0.064265028 -0.063151330 0.995932698 -0.166838343
105738967 0.491383511 0.873570621 0.500000000 0.500000000 0.000000000 0.000000000 0.994673371 -0.016580207 -0.101734877 -0.283856717 0.021870157 0.998453856 0.051104315 0.371033395 0.100730255 -0.053057060 0.993498027 -0.308116942
106372933 0.491383511 0.873570621 0.500000000 0.500000000 0.000000000 0.000000000 0.989752471 -0.006213894 -0.142658532 -0.355077660 0.010301004 0.999556839 0.027928956 0.534300069 0.142421767 -0.029112278 0.989377856 -0.487072644
106573133 0.491383511 0.873570621 0.500000000 0.500000000 0.000000000 0.000000000 0.987712801 -0.002758771 -0.156255484 -0.389702089 0.006049715 0.999769688 0.020589642 0.593706253 0.156162694 -0.021281956 0.987502038 -0.544098589
106706600 0.491383511 0.873570621 0.500000000 0.500000000 0.000000000 0.000000000 0.986147940 -0.000583508 -0.165867254 -0.413090603 0.003183028 0.999876261 0.015406903 0.633775171 0.165837735 -0.015721446 0.986027718 -0.584565509
108975533 0.491383511 0.873570621 0.500000000 0.500000000 0.000000000 0.000000000 0.949596345 -0.000634965 -0.313474685 -0.513902353 -0.005368819 0.999818325 -0.018288750 0.986762152 0.313429356 0.019049918 0.949420452 -1.503491876
110076633 0.491383511 0.873570621 0.500000000 0.500000000 0.000000000 0.000000000 0.921906888 0.005428001 -0.387373447 -0.425661493 -0.003443431 0.999977171 0.005817008 1.068581708 0.387396157 -0.004028846 0.921904564 -2.352460554
110110000 0.491383511 0.873570621 0.500000000 0.500000000 0.000000000 0.000000000 0.921064794 0.005792802 -0.389366210 -0.420026680 -0.003225761 0.999968529 0.007246351 1.066574905 0.389395952 -0.005418357 0.921054542 -2.376881672
