https://www.youtube.com/watch?v=n0OjWEVpRV8
197397000 0.500659567 0.890061426 0.500000000 0.500000000 0.000000000 0.000000000 0.993606985 0.083962031 -0.075469166 -0.164070771 -0.084405869 0.996427774 -0.002705145 0.120137781 0.074972443 0.009057891 0.997144461 -0.035968788
197998000 0.500659567 0.890061426 0.500000000 0.500000000 0.000000000 0.000000000 0.987108171 0.118240111 -0.107873857 -0.231408923 -0.117011055 0.992973328 0.017675331 0.265676571 0.109205797 -0.004825030 0.994007468 -0.057715434
198098000 0.500659567 0.890061426 0.500000000 0.500000000 0.000000000 0.000000000 0.985797346 0.123157308 -0.114174530 -0.243722820 -0.121405326 0.992354751 0.022200109 0.290357573 0.116035737 -0.008023413 0.993212640 -0.062971159
198399000 0.500659567 0.890061426 0.500000000 0.500000000 0.000000000 0.000000000 0.981808305 0.136694953 -0.131783620 -0.284778618 -0.133253574 0.990476787 0.034630343 0.363310167 0.135262415 -0.016439719 0.990673423 -0.080530619
198432000 0.500659567 0.890061426 0.500000000 0.500000000 0.000000000 0.000000000 0.981387138 0.138017640 -0.133530721 -0.289419305 -0.134363279 0.990276337 0.036045678 0.370505564 0.137207255 -0.017433137 0.990388930 -0.082519576
198465000 0.500659567 0.890061426 0.500000000 0.500000000 0.000000000 0.000000000 0.980907023 0.139711455 -0.135285407 -0.293906077 -0.135922402 0.990032196 0.036896758 0.379047347 0.139091805 -0.017803969 0.990119457 -0.084832349
198699000 0.500659567 0.890061426 0.500000000 0.500000000 0.000000000 0.000000000 0.977695346 0.150826991 -0.146160841 -0.323730503 -0.145839930 0.988315046 0.044318058 0.431474731 0.151137322 -0.022013474 0.988267660 -0.100502787
198866000 0.500659567 0.890061426 0.500000000 0.500000000 0.000000000 0.000000000 0.975328207 0.159321412 -0.152812272 -0.342134265 -0.153586909 0.986934304 0.048701022 0.468727947 0.158574790 -0.024029516 0.987054527 -0.111581367
199700000 0.500659567 0.890061426 0.500000000 0.500000000 0.000000000 0.000000000 0.964344978 0.199707434 -0.173653826 -0.399560346 -0.188530475 0.978900194 0.078807540 0.613321221 0.185728222 -0.043258619 0.981648445 -0.163474523
199867000 0.500659567 0.890061426 0.500000000 0.500000000 0.000000000 0.000000000 0.963040471 0.206224829 -0.173275426 -0.404703302 -0.194017991 0.977322340 0.084841520 0.634485649 0.186842367 -0.048087269 0.981212258 -0.170569155
